0,0,0
0,0,0
-9.04340503428091e-09,-1.80830544444794e-08,0
-7.11318923849033e-08,-1.42220913303666e-07,0
-2.89625543069825e-07,-5.79002070695552e-07,0
-8.37962700937304e-07,-1.67492842584978e-06,0
-1.97154387008383e-06,-3.93995345334102e-06,0
-4.04518480230339e-06,-8.08205020029751e-06,0
-7.52481376718349e-06,-1.5030137083502e-05,0
-1.29852505404783e-05,-2.59290237744477e-05,0
-2.10955117057405e-05,-4.2109272256188e-05,0
-3.2603107323591e-05,-6.5054916778032e-05,0
-4.83311917202345e-05,-9.63967798313842e-05,0
-6.91947516511515e-05,-0.000137943749250776,0
-9.62308115024135e-05,-0.000191741957249011,0
-0.000130632266153664,-0.000260141051039382,0
-0.000173778375353522,-0.000345853585931526,0
-0.000227261547111026,-0.000452006760099978,0
-0.000292912471793535,-0.000582190582457926,0
-0.000372822823183695,-0.000740500879886862,0
-0.000469361993127421,-0.000931570059242375,0
-0.000585186620263901,-0.00116058313725306,0
-0.000723247603925691,-0.00143328841914608,0
-0.000886802476449692,-0.00175601856868846,0
-0.00107943686490352,-0.0021357295160304,0
-0.00130508963071722,-0.00258004634998251,0
-0.00156806978764381,-0.00309729235928367,0
-0.00187305561826645,-0.0036964820335398,0
-0.00222507627725242,-0.00438727859478563,0
-0.00262948562815507,-0.00517993557395953,0
-0.00309193962174272,-0.00608524509227312,0
-0.00361838217712488,-0.00711450282461364,0
-0.00421503733613601,-0.00827948524004658,0
-0.00488840392040204,-0.00959243162486044,0
-0.00564525225887031,-0.0110660300590348,0
-0.00649262443365339,-0.0127134102638537,0
-0.00743783600722012,-0.0145481392565332,0
-0.00848847178424644,-0.0165842049257213,0
-0.00965236778580155,-0.0188359718929777,0
-0.0109375786555199,-0.0213181081513832,0
-0.0123523388703425,-0.0240454992713308,0
-0.0139050292505575,-0.0270331732568968,0
-0.0156041543917464,-0.0302962473604762,0
-0.0174583265994915,-0.0338498880707401,0
-0.0194762460253713,-0.0377092636974752,0
-0.0216666693206969,-0.0418894742002138,0
-0.0240383670503957,-0.0464054587633956,0
-0.0266000759876772,-0.0512718933950397,0
-0.0293604519250868,-0.0565030898798542,0
-0.0323280244878411,-0.0621128991415999,0
-0.0355111538356137,-0.0681146188881849,0
-0.038917992411056,-0.0745209119654796,0
-0.0425564584658951,-0.0813437489834117,0
-0.0464342257254937,-0.0885943840114184,0
-0.050558725073847,-0.0962833551424135,0
-0.0549371466788796,-0.104420486767288,0
-0.0595764318719977,-0.11301487216107,0
-0.0644832531586675,-0.122074833132877,0
-0.0696639903284624,-0.131607872703445,0
-0.075124713029853,-0.141620641543547,0
-0.0808711744481581,-0.152118927537247,0
-0.086908813031823,-0.163107662362628,0
-0.0932427560903587,-0.174590932747898,0
-0.0998778218914206,-0.186571989629218,0
-0.106818521073216,-0.199053256792568,0
-0.11406905866452,-0.212036341522487,0
-0.121633334656611,-0.225522043087359,0
-0.129514938992378,-0.239510350752673,0
-0.137717140533499,-0.254000430439383,0
-0.146242877112753,-0.268990614273909,0
-0.155094757776665,-0.284478415292975,0
-0.164275083474216,-0.300460579856408,0
-0.17378588174233,-0.31693316886913,0
-0.183628943304965,-0.333891643592691,0
-0.193805850066067,-0.351330934913492,0
-0.204317992276045,-0.369245491521844,0
-0.215166579722977,-0.387629316612904,0
-0.226352652302619,-0.406476003763892,0
-0.237877091046289,-0.425778774024031,0
-0.249740627503341,-0.445530510227336,0
-0.261943850667337,-0.465723786478262,0
-0.274487214058896,-0.486350898405074,0
-0.28737104598827,-0.507403899923336,0
-0.30059556134068,-0.528874643183566,0
-0.314160867346611,-0.550754806511651,0
-0.328066955242051,-0.573035893964482,0
-0.342313676865126,-0.595709204753414,0
-0.356900714928995,-0.618765789613256,0
-0.371827559546353,-0.642196419759178,0
-0.387093498103451,-0.665991582282191,0
-0.402697615815352,-0.690141497157578,0
-0.418638798964442,-0.714636139348349,0
-0.434915734669366,-0.739465254240985,0
-0.451526906905876,-0.764618365344824,0
-0.468470590497283,-0.790084777857912,0
-0.485744842551714,-0.815853576902314,0
-0.503347488063275,-0.841913613822103,0
-0.521276098106392,-0.868253477384636,0
-0.539527964683902,-0.894861458013185,0
-0.558100080346031,-0.921725521400006,0
-0.576989128236725,-0.94883330260428,0
-0.596191480151315,-0.976172116178448,0
-0.615703193094479,-1.00372896281065,0
-0.635519995188814,-1.03149051441893,0
-0.655637259732361,-1.05944307496664,0
-0.676049975013718,-1.08757253235888,0
-0.696752719851902,-1.11586432128482,0
-0.717739649860162,-1.14430340711653,0
-0.73900449311481,-1.17287428832109,0
-0.760540552331507,-1.20156101166026,0
-0.782340713557369,-1.2303472004254,0
-0.804397463380606,-1.2592160990634,0
-0.826702913110866,-1.28815063243682,0
-0.849248823901845,-1.31713346585708,0
-0.872026624161705,-1.34614704959855,0
-0.895027416990932,-1.3751736432419,0
-0.918241983371242,-1.40419533073515,0
-0.941660791127687,-1.43319404667896,0
-0.965274015757198,-1.46215162590191,0
-0.989071570487818,-1.49104987108669,0
-1.01304313670328,-1.51987062065958,0
-1.03717818722261,-1.5485958018005,0
-1.06146600120971,-1.57720746615328,0
-1.08589567531794,-1.60568781702205,0
-1.11045613517223,-1.63401923655577,0
-1.13513614766013,-1.6621843136481,0
-1.15992433283749,-1.69016587010157,0
-1.18480917738478,-1.71794698957543,0
-1.20977905531116,-1.74551105977486,0
-1.23482226083595,-1.7728418391556,0
-1.25992705028507,-1.79992354010834,0
-1.28508168299151,-1.8267409109375,0
-1.31027445138237,-1.85327929397793,0
-1.33549369617179,-1.87952465383457,0
-1.36072781287939,-1.90546358748685,0
-1.38596525855174,-1.93108333314794,0
-1.41119456363206,-1.95637178903412,0
-1.43640434686327,-1.98131753712799,0
-1.46158332870739,-2.00590986309626,0
-1.48672034005259,-2.03013876554275,0
-1.51180432684259,-2.05399495723822,0
-1.53682435371467,-2.077469861443,0
-1.56176960319476,-2.10055560055459,0
-1.58662936826261,-2.12324496794645,0
-1.61139303565377,-2.14553138191213,0
-1.63605006622606,-2.1674088316106,0
-1.66058998303527,-2.18887183803787,0
-1.68500237306569,-2.20991544180688,0
-1.70927690192766,-2.23053521473691,0
-1.73340333005918,-2.25072727620521,0
-1.75737152230676,-2.27048829407334,0
-1.78117144783225,-2.2898154657751,0
-1.80479317431463,-2.30870648796846,0
-1.8282268617292,-2.32715952405698,0
-1.85146275725415,-2.34517317360207,0
-1.87449119024053,-2.36274644064328,0
-1.89730256571536,-2.37987869999342,0
-1.91988736073126,-2.39656966710337,0
-1.94223612598787,-2.41281937900996,0
-1.96433949264159,-2.42862818547045,0
-1.98618817833959,-2.44399673768373,0
-2.00777298428877,-2.45892595876284,0
-2.02908478116133,-2.47341699134753,0
-2.05011449092213,-2.48747113719297,0
-2.07085307524666,-2.5010898086041,0
-2.09129153888298,-2.51427451041249,0
-2.11142094437021,-2.52702684467546,0
-2.13123243306168,-2.53934852862166,0
-2.15071724569604,-2.55124141107628,0
-2.16986674145073,-2.56270748733298,0
-2.18867241661616,-2.57374891347786,0
-2.20712592338151,-2.58436801926013,0
-2.22521908228488,-2.59456731269072,0
-2.24294389070772,-2.60434947153605,0
-2.26029252496966,-2.61371732816068,0
-2.27725734829585,-2.6226738606427,0
-2.29383092624431,-2.63122220420112,0
-2.31000605123385,-2.63936567866583,0
-2.32577576614599,-2.64710781493477,0
-2.341133378065,-2.65445236329963,0
-2.35607245983352,-2.66140327543034,0
-2.37058684370928,-2.66796467443261,0
-2.38467061841604,-2.67414082719844,0
-2.39831813118972,-2.67993613144819,0
-2.41152399611576,-2.68535511344162,0
-2.4242831053713,-2.69040243310439,0
-2.43659064354958,-2.69508289569329,0
-2.4484421062159,-2.69940147379263,0
-2.45983332362996,-2.70336333836139,0
-2.47076048088636,-2.70697388681544,0
-2.48122013001433,-2.7102387520324,0
-2.49120918769516,-2.71316378579499,0
-2.5007249249099,-2.71575502550789,0
-2.50976495739327,-2.71801866314729,0
-2.51832724429039,-2.71996103050865,0
-2.52641009269511,-2.72158859944655,0
-2.53401216315303,-2.72290798181145,0
-2.54113246726743,-2.72392591554392,0
-2.54777035595299,-2.72464923326728,0
-2.55392550281059,-2.72508482051651,0
-2.55959788623633,-2.72523957159106,0
-2.5647877697524,-2.72512034382706,0
-2.56949568132623,-2.72473390855308,0
-2.57372239239712,-2.72408690277214,0
-2.57746890264311,-2.72318579354521,0
-2.58073643633812,-2.72203686599601,0
-2.58352644893291,-2.72064623260038,0
-2.58584063483844,-2.71901984686633,0
-2.58768092725176,-2.71716350123319,0
-2.58904948538226,-2.71508280053775,0
-2.58994867319303,-2.71278311980089,0
-2.59038103855965,-2.71026956290066,0
-2.59034929795834,-2.70754693358141,0
-2.58985632675032,-2.70461971795186,0
-2.58890515079069,-2.70149207095316,0
-2.58749893709771,-2.69816780165483,0
-2.58564098448816,-2.69465035956017,0
-2.58333471598341,-2.69094282484872,0
-2.58058367084255,-2.68704789922006,0
-2.57739149261898,-2.68296788840951,0
-2.57376190958687,-2.67870467108465,0
-2.56969871348682,-2.67425966402965,0
-2.56520574443946,-2.66963380133734,0
-2.56028689124472,-2.6648275445688,0
-2.55494610467035,-2.65984092034752,0
-2.54918741648782,-2.65467357152952,0
-2.54301495502393,-2.64932480074945,0
-2.53643295272716,-2.6437936006488,0
-2.52944574831335,-2.63807867347856,0
-2.52205778852278,-2.63217845036631,0
-2.51427362955467,-2.62609111093841,0
-2.50609793825724,-2.61981460278373,0
-2.497535490957,-2.61334665799632,0
-2.48859117503036,-2.60668481334026,0
-2.47926999466454,-2.59982644203531,0
-2.46957708259083,-2.59276879758857,0
-2.45951771290917,-2.58550905830098,0
-2.44909730432656,-2.5780443556605,0
-2.43832141193182,-2.57037177839435,0
-2.42719571207466,-2.56248836200054,0
-2.41572598819021,-2.55439108288602,0
-2.40391812840592,-2.54607687185953,0
-2.39177813009131,-2.53754264779839,0
-2.37931211126214,-2.52878535888922,0
-2.3665263182779,-2.51980202283716,0
-2.35342713311044,-2.51058976200989,0
-2.34002107734322,-2.50114583528042,0
-2.326314814682,-2.49146766569933,0
-2.31231514724034,-2.48155285499754,0
-2.29802900281114,-2.47139918139797,0
-2.28346341600252,-2.46100458294663,0
-2.26862550896635,-2.45036714190108,0
-2.25352248057707,-2.43948508221099,0
-2.23816160167476,-2.42835678467395,0
-2.22255021399232,-2.41698080253052,0
-2.2066957197097,-2.40535586324657,0
-2.19060556094861,-2.39348084660398,0
-2.17428719189697,-2.38135474821131,0
-2.15774805153176,-2.36897664311203,0
-2.14099554111094,-2.35634565876619,0
-2.1240370068632,-2.34346095746268,0
-2.10687972625226,-2.33032172492269,0
-2.08953089758978,-2.31692716640939,0
-2.07199763620432,-2.30327651514496,0
-2.05428697745671,-2.28936905418507,0
-2.0364058813192,-2.27520414181633,0
-2.0183612314568,-2.26078122463059,0
-2.00015982422371,-2.24609983007764,0
-1.98180834997258,-2.23115954350649,0
-1.96331337557981,-2.21595998591388,0
-1.94468133556016,-2.20050080875997,0
-1.92591853209604,-2.18478170667086,0
-1.90703113948587,-2.16880243753104,0
-1.88802520545087,-2.15256283621184,0
-1.86890664797239,-2.13606281909423,0
-1.84968125016848,-2.11930238333051,0
-1.83035465600855,-2.10228160692862,0
-1.81093236678145,-2.08500065065281,0
-1.79141973674862,-2.06745975495164,0
-1.77182196873836,-2.04965923921895,0
-1.75214411496523,-2.03159950822786,0
-1.73239108867085,-2.01328108153256,0
-1.71256768681181,-1.99470464481979,0
-1.69267861700163,-1.97587110850779,0
-1.67272851895536,-1.95678165633603,0
-1.65272197521155,-1.93743777091305,0
-1.63266351301212,-1.91784124228244,0
-1.6125576044834,-1.89799417037997,0
-1.59240867011062,-1.87789897522898,0
-1.57222108561856,-1.85755841235732,0
-1.55199918947933,-1.83697558863755,0
-1.5317472880298,-1.81615397419257,0
-1.5114696606961,-1.79509741193077,0
-1.49117056557875,-1.77381012884397,0
-1.47085424506335,-1.7522967458896,0
-1.45052492677631,-1.73056227744911,0
-1.43018681567469,-1.70861211270859,0
-1.40984408097098,-1.68645198475107,0
-1.38950084499706,-1.66408794372089,0
-1.36916118211959,-1.64152634898217,0
-1.34882912838405,-1.61877388248314,0
-1.32850869565289,-1.59583757107698,0
-1.30820388213053,-1.57272480122959,0
-1.28791867526417,-1.54944331813793,0
-1.26765704855659,-1.52600121230885,0
-1.24742295592383,-1.50240690013996,0
-1.22722032515163,-1.47866910238264,0
-1.20705304934088,-1.45479681760961,0
-1.18692497569232,-1.43079928974317,0
-1.16683989429849,-1.40668597510083,0
-1.14680153172534,-1.38246651841162,0
-1.12681355092245,-1.35815074114985,0
-1.10687955372801,-1.33374863459412,0
-1.08700307819919,-1.30927034219287,0
-1.06718758642258,-1.2847261213509,0
-1.04743644581942,-1.26012629227205,0
-1.0277529122738,-1.2354811892147,0
-1.00814012209126,-1.21080112910712,0
-0.988601093659814,-1.18609639935899,0
-0.969138734612819,-1.16137725666422,0
-0.94975584993947,-1.13665392802047,0
-0.930455149948628,-1.11193661148085,0
-0.911239258824395,-1.0872354783734,0
-0.892110723445824,-1.06256067601353,0
-0.873072019246298,-1.03792232438777,0
-0.854125549826539,-1.01333050013692,0
-0.835273641120672,-0.988795209444323,0
-0.816518535989665,-0.964326361693278,0
-0.797862396047969,-0.93993375767302,0
-0.779307312520474,-0.915627096122201,0
-0.760855320888853,-0.89141598801702,0
-0.742508411250415,-0.867309962616796,0
-0.724268530149896,-0.843318456393473,0
-0.706137576392712,-0.819450789894993,0
-0.688117396877959,-0.795716144590824,0
-0.670209786667728,-0.772123547974628,0
-0.652416492776369,-0.748681866887627,0
-0.634739220597686,-0.725399805798034,0
-0.617179642490143,-0.702285910640744,0
-0.599739411181078,-0.679348582899471,0
-0.5824201786622,-0.656596105593519,0
-0.565223616862529,-0.634036673634855,0
-0.548151433103783,-0.611678414269057,0
-0.531205375263191,-0.589529387564176,0
-0.514387227958724,-0.567597568891371,0
-0.497698806811221,-0.545890828122446,0
-0.48114195798583,-0.524416919499518,0
-0.464718564730062,-0.503183486249587,0
-0.448430556530646,-0.482198070864019,0
-0.432279915071093,-0.461468119620404,0
-0.416268674809541,-0.441000976798704,0
-0.400398920247603,-0.420803872596293,0
-0.384672782518595,-0.400883909866186,0
-0.369092435227577,-0.38124804947032,0
-0.353660087796022,-0.361903090772519,0
-0.338377976773139,-0.342855648322238,0
-0.323248359630159,-0.32411213397831,0
-0.308273516611887,-0.305678755866216,0
-0.293455761980756,-0.287561536957751,0
-0.278797459345971,-0.269766342891071,0
-0.264301032725104,-0.252298901654362,0
-0.249968967415587,-0.235164803889607,0
-0.235803802231681,-0.218369485724846,0
-0.221808118576784,-0.201918205942373,0
-0.207984532169585,-0.18581602818156,0
-0.194335687947028,-0.17006781011246,0
-0.180864255984512,-0.154678194739821,0
-0.167572926421406,-0.139651600288786,0
-0.154464404602035,-0.124992210904838,0
-0.141541408368611,-0.110703972050142,0
-0.128806666618273,-0.0967905886770172,0
-0.116262914804733,-0.0832555173935327,0
-0.103912883681034,-0.0701019450982662,0
-0.0917592828513252,-0.057332757231822,0
-0.0798047861303872,-0.0449505098052521,0
-0.0680520260310384,-0.0329574201159057,0
-0.0565035992150726,-0.0213553800929407,0
-0.0451620780305093,-0.0101459826809364,0
-0.0340300207486904,0.000669453508035138,0
-0.0231099761392597,0.0110898701293864,0
-0.0124044830360449,0.0211144645160392,0
-0.00191606792370072,0.0307426886857435,0
0.0083527579429019,0.0399742490429557,0
0.01839950284056,0.0488091087223958,0
0.0282217010185107,0.0572474939652729,0
0.0378169189136615,0.0652898996934036,0
0.0471827566026281,0.0729370850900383,0
0.0563168422069743,0.0801900545664292,0
0.0652168225998981,0.0870500308686394,0
0.0738803575828008,0.093518434843823,0
0.0823051226150695,0.0995968822193181,0
0.0904888185346935,0.105287194417399,0
0.098429181323919,0.110591409483639,0
0.106123985279461,0.115511779686693,0
0.113571038006544,0.120050752394864,0
0.120768170487856,0.124210940495287,0
0.127713226243675,0.127995090355113,0
0.134404051071752,0.131406050149191,0
0.140838482755717,0.134446737638142,0
0.147014341221531,0.137120108400423,0
0.15292942220809,0.139429131020031,0
0.158581497988242,0.141376776381081,0
0.163968334045888,0.14296603912749,0
0.169087724354042,0.144199996359064,0
0.173937519888446,0.145081852914254,0
0.178515635544243,0.145614943168603,0
0.182820054197134,0.145802727069373,0
0.186848839721288,0.14564880388177,0
0.190600152309053,0.145156930725853,0
0.194072256628225,0.144331027051474,0
0.1972635193467,0.14317515818843,0
0.200172403553713,0.141693513267395,0
0.202797473829744,0.139890404539549,0
0.205137419174801,0.137770302653508,0
0.20719108839909,0.135337896718463,0
0.208957525163766,0.132598153303835,0
0.210435994135543,0.129556357337772,0
0.211626000832805,0.126218140028511,0
0.212527313674936,0.122589511026595,0
0.21313999291649,0.118676904467864,0
0.213464422729735,0.114487231557217,0
0.213501339030451,0.110027925055865,0
0.213251850541669,0.105306970407908,0
0.212717458192872,0.100332933631844,0
0.211900079536666,0.0951149992253461,0
0.210802077751915,0.0896630171288697,0
0.209426285563207,0.0839875394014327,0
0.207776012952688,0.0780998245955587,0
0.205855036952728,0.0720118063972173,0
0.20366758357518,0.0657360468089636,0
0.20121831515755,0.0592857004959116,0
0.198512328104062,0.0526745001729308,0
0.195555154749873,0.0459167503182504,0
0.192352759861333,0.0390273100023518,0
0.188911528959505,0.0320215590203979,0
0.185238253792639,0.0249153578489869,0
0.181340120595007,0.0177250130375998,0
0.177224699942618,0.0104672455103855,0
0.172899930409347,0.0031591468393082,0
0.168374090679257,-0.00418188726129297,0
0.163655763528845,-0.0115382392014698,0
0.158753801942845,-0.0188921470651093,0
0.1536773048033,-0.0262257625119776,0
0.148435599243563,-0.0335211950732839,0
0.143038218060823,-0.0407605659246889,0
0.137494862485993,-0.0479260906067871,0
0.131815351250557,-0.0550001886585995,0
0.126009566437723,-0.0619655989940784,0
0.120087406199581,-0.0688054806449744,0
0.114058745690666,-0.0755034960760572,0
0.107933400405527,-0.0820438886259927,0
0.101721088181869,-0.0884115618713885,0
0.0954313937378255,-0.09459215315713,0
0.0890737436160866,-0.100572085856774,0
0.0826573938072904,-0.106338595692805,0
0.0761914229426586,-0.111879745278972,0
0.0696847204276318,-0.117184447932093,0
0.063145965570003,-0.122242508440578,0
0.0565836045250994,-0.12704466696072,0
0.0500058365425966,-0.13158262294957,0
0.0434206151347394,-0.135849027871419,0
0.0368356589348868,-0.139837457190554,0
0.0302584613011581,-0.14354238376949,0
0.023696292092555,-0.146959165817328,0
0.0171561945119525,-0.150084043778603,0
0.0106449846778802,-0.152914130679515,0
0.00416925727303849,-0.155447389117842,0
-0.00226460709030513,-0.157682603498682,0
-0.00865043878623655,-0.159619359510177,0
-0.0149822794179746,-0.161258029052049,0
-0.0212543764740896,-0.162599743008989,0
-0.027461163968707,-0.163646335182775,0
-0.0335972303083272,-0.16440026013034,0
-0.0396572844034319,-0.164864506992003,0
-0.0456361314446127,-0.165042532209821,0
-0.0515286605663584,-0.164938215566548,0
-0.0573298367568918,-0.164555824089748,0
-0.0630346878323584,-0.163899965324729,0
-0.0686382845911655,-0.162975526153139,0
-0.0741357205619785,-0.16178761006841,0
-0.0795220988376908,-0.16034148803491,0
-0.0847925271139387,-0.158642565465588,0
-0.089942115382619,-0.156696354351387,0
-0.0949659716585459,-0.154508441408536,0
-0.0998591985819995,-0.152084457869969,0
-0.10461689934126,-0.149430067779757,0
-0.109234197741372,-0.146550984408933,0
-0.113706266878366,-0.143453003740818,0
-0.118028354022595,-0.140142030316905,0
-0.122195793289891,-0.136624078759266,0
-0.126204008933552,-0.132905256784064,0
-0.130048519846238,-0.128991751170504,0
-0.133724953260755,-0.124889832742889,0
-0.137229066341311,-0.120605877853404,0
-0.140556768067603,-0.11614639097981,0
-0.143704136179526,-0.11151801789508,0
-0.146667431381702,-0.106727553517346,0
-0.149443115046179,-0.101781956917931,0
-0.152027872881948,-0.0966883784418246,0
-0.154418639523123,-0.0914541890297853,0
-0.156612616310361,-0.0860869963419772,0
-0.158607280332629,-0.0805946440189592,0
-0.16040039215663,-0.0749852088239593,0
-0.161990012429864,-0.0692670162685189,0
-0.163374530528996,-0.0634486807036461,0
-0.164552697135528,-0.057539153799065,0
-0.165523648530056,-0.0515477568380591,0
-0.166286916830691,-0.0454841852186251,0
-0.166842430537621,-0.0393584939746604,0
-0.167190513573362,-0.0331810809724101,0
-0.167331885952822,-0.0269626741469286,0
-0.167267661799279,-0.0207143143399436,0
-0.166999339273154,-0.0144473228713378,0
-0.166528783161943,-0.00817325510255118,0
-0.165858207146757,-0.00190385400692584,0
-0.164990162296973,0.00434898357055533,0
-0.163927530297078,0.0105732306805108,0
-0.162673513008989,0.0167567611342679,0
-0.161231610700145,0.0228874025789806,0
-0.159605590356291,0.0289530088865394,0
-0.157799454200854,0.0349415315192399,0
-0.155817418378164,0.0408410697489482,0
-0.153663902892048,0.0466398976072345,0
-0.151343524725051,0.0523264837181667,0
-0.148861085516431,0.0578895214131783,0
-0.146221552584789,0.0633179715896503,0
-0.143430038950838,0.0686011070707216,0
-0.140491786802567,0.073728549330683,0
-0.137412151920677,0.0786903024292626,0
-0.1341965822551,0.0834767975758712,0
-0.130850587848952,0.0880789538626098,0
-0.127379707892134,0.0924882436239392,0
-0.123789484967969,0.0966967423539704,0
-0.120085451742344,0.100697152806181,0
-0.116273125556493,0.104482812437042,0
-0.112358000898524,0.108047704427724,0
-0.108345533527497,0.111386484648413,0
-0.104241119715379,0.11449451769657,0
-0.100050080028773,0.117367902972468,0
-0.0957776539699852,0.120003477872946,0
-0.0914290033838695,0.122398802381584,0
-0.0870092173002958,0.124552139518941,0
-0.08252331439666,0.126462439529561,0
-0.0779762463840234,0.12812932124468,0
-0.0733729078928366,0.129553039603323,0
-0.0687181526049381,0.130734439732597,0
-0.0640168077158428,0.131674913465499,0
-0.0592736781167481,0.132376375291248,0
-0.0544935396440246,0.132841259082837,0
-0.0496811299626508,0.133072518412532,0
-0.0448411472826639,0.13307360998601,0
-0.0399782597401354,0.13284845471159,0
-0.0350971190683846,0.132401389270218,0
-0.0302023696505932,0.131737126257323,0
-0.0252986498891373,0.130860729288565,0
-0.0203905906670856,0.12977759349041,0
-0.0154828176067178,0.128493418057002,0
-0.0105799583857976,0.127014168163107,0
-0.00568664996024844,0.125346036476878,0
-0.000807540596373258,0.123495414505048,0
0.00405271162555889,0.121468870469417,0
0.00888943631457715,0.119273118861895,0
0.0136979390682671,0.116914971342366,0
0.0184734844816386,0.114401276932989,0
0.0232112846779819,0.111738873227719,0
0.0279065015979701,0.108934565148054,0
0.0325542614668698,0.105995128080035,0
0.037149672145491,0.102927316740937,0
0.0416878352946961,0.0997378635714396,0
0.0461638532274691,0.0964334664189055,0
0.0505728366068019,0.0930207779755321,0
0.0549099179181382,0.0895064070602139,0
0.0591702691006194,0.085896928791318,0
0.0633491173666327,0.0821988918146396,0
0.0674417559726816,0.078418816210607,0
0.0714435536520954,0.0745631894311824,0
0.0753499697712587,0.0706384743265027,0
0.0791565775016396,0.0666511338248083,0
0.0828590886488663,0.0626076594122446,0
0.0864533699992703,0.0585145832496713,0
0.0899354470365059,0.0543784655121961,0
0.0933015009977136,0.0502058690725408,0
0.0965478700509492,0.0460033431595229,0
0.0996710604216662,0.0417774277650623,0
0.102667764129699,0.0375346721147078,0
0.105534875747984,0.033281651914184,0
0.108269504533639,0.0290249779157568,0
0.110868985024759,0.0247713018780422,0
0.11333089098162,0.020527329723147,0
0.115653052661799,0.0162998418399493,0
0.117833571128819,0.0120957083281742,0
0.119870823443099,0.0079218866505135,0
0.121763459016797,0.00378540267972686,0
0.123510395025276,-0.000306669325030062,0
0.125110818750179,-0.00434721192039846,0
0.126564197014167,-0.00832905468351326,0
0.12787028419358,-0.0122449665651773,0
0.129029119319307,-0.0160876695226556,0
0.130041010474448,-0.0198498771486303,0
0.130906513327604,-0.0235243444469632,0
0.131626412318323,-0.0271039119334778,0
0.132201706354644,-0.0305815397379447,0
0.132633594943687,-0.0339503402989991,0
0.132923460632563,-0.0372036175769975,0
0.133072850066138,-0.0403349085222166,0
0.133083460087308,-0.0433380138623121,0
0.132957132459337,-0.0462070112219756,0
0.132695852829021,-0.0489362592261255,0
0.132301744818602,-0.0515204108177449,0
0.131777053621404,-0.0539544468962564,0
0.13112412250598,-0.0562337233855116,0
0.130345371737118,-0.0583540125136444,0
0.12944328698351,-0.0603115241483544,0
0.12842041546212,-0.0621029105040879,0
0.127279361826069,-0.0637252705031985,0
0.12602277745285,-0.0651761664694221,0
0.124653344569144,-0.0664536506043551,0
0.123173761424227,-0.067556288562983,0
0.121586732505272,-0.0684831724456589,0
0.119894960741121,-0.0692339288264152,0
0.118101136408464,-0.0698087326098545,0
0.116207922199123,-0.0702083275901984,0
0.114217941362136,-0.0704340400008438,0
0.112133777265867,-0.0704877683583182,0
0.109957985990035,-0.0703719464640588,0
0.107693114501755,-0.0700894944359832,0
0.10534171437629,-0.069643778086469,0
0.102906346673637,-0.0690385853076013,0
0.100389582502829,-0.0682781103669998,0
0.0977940071925555,-0.0673669301510902,0
0.0951222315540635,-0.0663099652746512,0
0.0923769063255796,-0.0651124337222246,0
0.0895607335055722,-0.0637798098220765,0
0.0866764727906972,-0.0623177922322027,0
0.0837269475279143,-0.0607322723270552,0
0.0807150550081321,-0.0590292934582559,0
0.0776437797140281,-0.0572150039362184,0
0.0745162020901047,-0.0552956186434402,0
0.0713354967578478,-0.0532774014567482,0
0.0681049224345499,-0.0511666639762734,0
0.0648278130243399,-0.0489697616181582,0
0.0615075782350099,-0.0466930703441065,0
0.0581477135837988,-0.0443429443713485,0
0.0547518119317489,-0.0419256707208557,0
0.0513235686186966,-0.0394474366451823,0
0.0478667789671885,-0.0369143125375057,0
0.0443853331651372,-0.0343322403254213,0
0.040883213292204,-0.0317070177354394,0
0.0373644915596148,-0.0290442801754388,0
0.0338333244033662,-0.0263494908930111,0
0.0302939391684611,-0.0236279459773341,0
0.0267506168403125,-0.0208847873685165,0
0.0232076782601344,-0.0181250091390425,0
0.0196694774753004,-0.0153534498577786,0
0.0161403974426015,-0.0125747807383333,0
0.0126248387553394,-0.00979350836347495,0
0.00912719647314124,-0.00701400192047674,0
0.00565182953751063,-0.00424053598584952,0
0.00220303263460944,-0.00147732905284817,0
-0.00121498305738609,0.00127143517915586,0
-0.00459810191532267,0.00400160043577265,0
-0.00794231492711607,0.00670903192339736,0
-0.0112437331321879,0.00938960492669473,0
-0.0144986007117667,0.0120391933072447,0
-0.0177033027658987,0.0146536678073933,0
-0.0208543670538267,0.0172289056689371,0
-0.0239484651128131,0.0197608008347271,0
-0.0269824192843732,0.0222452617640782,0
-0.0299532162815183,0.0246781956650447,0
-0.0328580204286484,0.0270554929402179,0
-0.0356941782505549,0.0293730285310141,0
-0.0384592126984449,0.0316266835626724,0
-0.0411508138552663,0.0338123734987412,0
-0.043766835141644,0.03592606460299,0
-0.0463052978780897,0.0379637728696713,0
-0.0487643989624083,0.0399215558857174,0
-0.0511425143681639,0.0417955123106492,0
-0.053438196373293,0.0435817932986929,0
-0.0556501685013481,0.0452766179951122,0
-0.057777322382596,0.0468762847026657,0
-0.0598187152723742,0.0483771801966304,0
-0.0617735623377134,0.0497757989113789,0
-0.0636412197408993,0.0510687799401531,0
-0.0654211617606538,0.0522529553365203,0
-0.0671129606749063,0.0533253923079579,0
-0.0687162761315149,0.0542834158401009,0
-0.0702308527320775,0.0551246144110066,0
-0.0716565178244815,0.0558468448864927,0
-0.0729931726118811,0.0564482505273803,0
-0.0742407771055483,0.0569272910846215,0
-0.0753993359783701,0.0572827708285288,0
-0.0764688914194458,0.0575138520299061,0
-0.0774495224916624,0.0576200548488974,0
-0.0783413453608497,0.0576012546891992,0
-0.0791445106923632,0.057457684550365,0
-0.0798592006598249,0.0571899374262518,0
-0.0804856311621225,0.0567989577877552,0
-0.0810240606651773,0.056286019109353,0
-0.081474800212861,0.0556526986257869,0
-0.0818382163758855,0.0549008656125674,0
-0.0821147241786705,0.0540326891655963,0
-0.0823047754669694,0.0530506545963406,0
-0.0824088517431542,0.0519575701544906,0
-0.0824274663886509,0.0507565543165817,0
-0.0823611730414612,0.0494510100465857,0
-0.0822105728665121,0.0480446007332672,0
-0.0819763166934452,0.0465412360164959,0
-0.0816591047550422,0.0449450621117711,0
-0.0812596896691852,0.0432604454056185,0
-0.0807788843937186,0.0414919456288849,0
-0.0802175709266759,0.0396442870741468,0
-0.0795767043522329,0.037722338541483,0
-0.0788573122576733,0.0357311018649487,0
-0.0780604958484134,0.0336756964539896,0
-0.0771874388841133,0.0315613275505717,0
-0.0762394235856815,0.029393239994075,0
-0.075217845468115,0.0271766736460756,0
-0.0741242189402759,0.0249168370082174,0
-0.0729601724403287,0.0226189015506215,0
-0.0717274393268789,0.020288004303556,0
-0.0704278518884209,0.0179292439467364,0
-0.0690633403506906,0.0155476666028292,0
-0.0676359326588946,0.0131482497170954,0
-0.0661477503973383,0.0107358935566808,0
-0.0646010011270118,0.00831541985569471,0
-0.0629979721853012,0.00589156771542525,0
-0.0613410297765001,0.00346897915390738,0
-0.0596326210303685,0.0010521789780813,0
-0.0578752722159936,-0.00135443739512195,0
-0.0560715788842295,-0.00374659973000584,0
-0.054224191381502,-0.00612014930213321,0
-0.0523358042155976,-0.00847103282984671,0
-0.0504091548413554,-0.0107953151720057,0
-0.0484470291547844,-0.0130892053832257,0
-0.0464522654499187,-0.0153490794854342,0
-0.0444277507365018,-0.0175714875763521,0
-0.0423764103987047,-0.0197531470950604,0
-0.0403011968730602,-0.0218909335681097,0
-0.0382050811581815,-0.0239818765159389,0
-0.0360910453947862,-0.0260231570619626,0
-0.0339620719643016,-0.0280120981515612,0
-0.0318211277850258,-0.0299461446892981,0
-0.0296711483463393,-0.0318228426052939,0
-0.0275150279742471,-0.0336398297817606,0
-0.0253556180739844,-0.0353948422723761,0
-0.0231957278581577,-0.0370857248070601,0
-0.0210381197396581,-0.0387104298301152,0
-0.0188854967866887,-0.0402669999176724,0
-0.0167404876608784,-0.0417535444788399,0
-0.014605637299754,-0.0431682274536804,0
-0.0124834067167326,-0.0445092729334522,0
-0.0103761778396023,-0.0457749806328552,0
-0.00828625670993706,-0.0469637378236439,0
-0.00621587250481329,-0.0480740225458482,0
-0.00416717552695524,-0.0491044043047442,0
-0.00214223821390522,-0.050053550329525,0
-0.000143058630236315,-0.0509202363587118,0
0.0018284387702538,-0.0517033515606196,0
0.00377040948084926,-0.0524018888757378,0
0.00568110053705315,-0.0530149244846873,0
0.00755885991067515,-0.0535416013666087,0
0.00940213704893894,-0.0539811302902685,0
0.0112094748639125,-0.0543328076433952,0
0.0129795001560926,-0.0545960360113284,0
0.0147109194945647,-0.0547703333616156,0
0.0164025211284737,-0.0548553296277701,0
0.0180531771621704,-0.0548507622483238,0
0.0196618402227483,-0.0547564823836666,0
0.0212275346012333,-0.0545724720184787,0
0.0227493468105191,-0.0542988621575555,0
0.0242264194058188,-0.0539359444489244,0
0.0256579464296452,-0.0534841794541233,0
0.0270431655281463,-0.052944211410441,0
0.0283813447581399,-0.0523168934271339,0
0.0296717685318634,-0.0516033141209435,0
0.030913730230736,-0.05080481059244,0
0.0321065350976409,-0.0499229604053228,0
0.0332495093834985,-0.0489595606800323,0
0.0343420074420614,-0.0479166109373506,0
0.0353834114703962,-0.0467963104042533,0
0.0363731258541284,-0.0456010658648622,0
0.0373105725955032,-0.0443334970022529,0
0.0381951920521218,-0.0429964306242966,0
0.0390264471171553,-0.0415928873935562,0
0.0398038257563945,-0.0401260712287232,0
0.0405268398193183,-0.0385993656299113,0
0.0411950235865707,-0.0370163300915341,0
0.0418079370715352,-0.0353806866921824,0
0.0423651744559523,-0.0336962961443547,0
0.0428663720934084,-0.0319671345084816,0
0.0433112098803744,-0.0301972830266063,0
0.0436994057166693,-0.028390931630042,0
0.0440307096739841,-0.0265523828432937,0
0.0443049055564485,-0.0246860405353077,0
0.0445218218782828,-0.0227963794433304,0
0.0446813471464109,-0.020887905637839,0
0.0447834424445267,-0.0189651220878686,0
0.0448281486482985,-0.0170325047589959,0
0.0448155913900723,-0.0150944831348132,0
0.0447459880263097,-0.0131554165828321,0
0.0446196567105723,-0.0112195663188726,0
0.044437023125513,-0.00929107181842247,0
0.0441986210008909,-0.00737393939063091,0
0.0439050881494645,-0.00547203953692081,0
0.0435571643224821,-0.00358910051124959,0
0.0431556954469489,-0.00172868903487618,0
0.0427016418403496,0.000105816938295741,0
0.0421960827630864,0.00191124790893051,0
0.0416402114499993,0.00368464314165719,0
0.0410353220655138,0.00542323436324038,0
0.0403827956829679,0.00712442709990143,0
0.0396840913712526,0.00878579194493052,0
0.0389407424524601,0.0104050659887091,0
0.0381543532939767,0.0119801551955287,0
0.037326593062538,0.0135091304697451,0
0.0364591877101928,0.0149902199151812,0
0.0355539144763455,0.0164218057746837,0
0.0346126006547236,0.0178024295561144,0
0.0336371228792897,0.0191307978529723,0
0.0326294007659515,0.0204057765479314,0
0.0315913827168307,0.0216263690070529,0
0.0305250286255659,0.0227916877947417,0
0.02943229724798,0.0239009355105058,0
0.0283151417950447,0.0249534019046689,0
0.0271755098288084,0.0259484693893394,0
0.0260153400945809,0.0268856120526375,0
0.0248365525869696,0.0277643805993256,0
0.0236410348236611,0.0285843790665503,0
0.0224306302109031,0.0293452451068515,0
0.0212071311839437,0.0300466393210919,0
0.0199722746490614,0.0306882388168201,0
0.0187277359862903,0.0312697275869182,0
0.0174751217861679,0.031790784092457,0
0.0162159660992206,0.03225107563928,0
0.0149517348167289,0.0326502688240606,0
0.0136838372541465,0.0329880542030922,0
0.0124136381979891,0.0332641716815454,0
0.0111424634805011,0.0334784226910407,0
0.00987159816844089,0.0336306673218716,0
0.00860228310762059,0.0337208179732111,0
0.00733571652047129,0.0337488430491227,0
0.00607306195469669,0.0337147834256712,0
0.00481545783114423,0.0336187721689198,0
0.00356402318193681,0.0334610465925032,0
0.00231985901555359,0.0332419513675194,0
0.00108404940614156,0.0329619407664715,0
-0.000142334229614582,0.0326215869555309,0
-0.00135822716241032,0.0322215913512971,0
-0.0025625686539368,0.0317627891482008,0
-0.00375430525511037,0.0312461416165492,0
-0.00493239679005042,0.0306727228513098,0
-0.00609581805084935,0.0300437150296589,0
-0.00724355198765613,0.0293604207143867,0
-0.00837457715010946,0.0286242866994803,0
-0.00948785688961861,0.0278369243117238,0
-0.010582335984412,0.0270001147224477,0
-0.0116569438834488,0.0261158008107133,0
-0.0127105990574334,0.0251860766409896,0
-0.0137422103332425,0.0242131829166744,0
-0.0147506764880484,0.0231995059567127,0
-0.0157348886166164,0.0221475711855756,0
-0.0166937373020772,0.0210600270123153,0
-0.0176261213470323,0.0199396254921271,0
-0.0185309529130461,0.0187892099985746,0
-0.0194071578952961,0.0176117121757386,0
-0.0202536762203296,0.0164101487319394,0
-0.0210694681928451,0.0151876057271969,0
-0.0218535281390452,0.0139472078387581,0
-0.0226048999567268,0.012692083450705,0
-0.0233226871666797,0.0114253405250095,0
-0.0240060545448764,0.0101500592689532,0
-0.0246542249679084,0.00886929436275087,0
-0.0252664776623437,0.00758607434904902,0
-0.0258421505813667,0.00630339261482279,0
-0.0263806442918732,0.00502419514358192,0
-0.0268814232047955,0.00375137339150951,0
-0.0273440136643341,0.0024877633287909,0
-0.0277680029538403,0.00123614259616111,0
-0.0281530432325673,-7.82220991531925e-07,0
-0.0284988593212919,-0.00122039602172102,0
-0.028805254401526,-0.00242019142671187,0
-0.0290721085522701,-0.00359777065215479,0
-0.0292993712499906,-0.00475083530444432,0
-0.0294870544553176,-0.00587717745159004,0
-0.0296352322312637,-0.00697468398776633,0
-0.0297440466652206,-0.00804135394166767,0
-0.0298137143424937,-0.00907531710008646,0
-0.029844527694898,-0.0100748425105133,0
-0.029836850754703,-0.0110383356703368,0
-0.0297911133827536,-0.0119643324842635,0
-0.0297078076630899,-0.0128514973154804,0
-0.0295874856600872,-0.0136986235767777,0
-0.0294307545139664,-0.0145046287862239,0
-0.0292382666801959,-0.0152685397141166,0
-0.0290107084479581,-0.0159894738443462,0
-0.0287487928538212,-0.0166666294162471,0
-0.0284532601335737,-0.0172992903012894,0
-0.028124882258256,-0.0178868388159507,0
-0.0277644645567055,-0.0184287623094724,0
-0.0273728404017771,-0.0189246454670405,0
-0.0269508617812468,-0.0193741539040161,0
-0.0264993923140542,-0.0197770223350401,0
-0.0260193066468689,-0.0201330553651253,0
-0.0255114941984658,-0.0204421369472429,0
-0.0249768620678163,-0.0207042381610319,0
-0.0244163343808116,-0.0209194177864205,0
-0.0238308501828681,-0.0210878197833903,0
-0.0232213637009363,-0.0212096752606427,0
-0.0225888475049695,-0.0212853099550007,0
-0.0219342944150932,-0.0213151488853098,0
-0.0212587132765467,-0.021299708376616,0
-0.0205631183856664,-0.0212395750266684,0
-0.0198485181504795,-0.0211353828428785,0
-0.019115909685846,-0.020987802068593,0
-0.0183662810560151,-0.0207975432082125,0
-0.0176006164695452,-0.0205653668573198,0
-0.0168198980727811,-0.0202920865303323,0
-0.0160251024229029,-0.0199785605689149,0
-0.0152171954365071,-0.0196256806946575,0
-0.0143971307775527,-0.019234367265255,0
-0.013565852527538,-0.0188055730615111,0
-0.012724298431614,-0.0183402883379944,0
-0.0118734000463939,-0.0178395398466051,0
-0.0110140805223126,-0.0173043853193625,0
-0.0101472544938783,-0.0167359123643202,0
-0.00927383324946966,-0.0161352481088202,0
-0.00839473297546812,-0.0155035751270779,0
-0.00751087981630655,-0.0148421410208769,0
-0.00662320712528145,-0.0141522522722756,0
-0.00573264643746657,-0.01343525538695,0
-0.00484011867212069,-0.0126925183878774,0
-0.00394653120019455,-0.0119254240630799,0
-0.00305278073222402,-0.0111353749721756,0
-0.00215975720927441,-0.0103238005723897,0
-0.00126834456091183,-0.00949215809864781,0
-0.000379419046776547,-0.00864192852804174,0
0.000506150677825038,-0.0077746158680158,0
0.00138749942585576,-0.00689175448827266,0
0.00226375981276416,-0.00599491946718194,0
0.00313405994832187,-0.00508573021805194,0
0.00399752627016697,-0.00416584386655009,0
0.00485328779823702,-0.00323694588340526,0
0.00570047598797846,-0.00230074970117774,0
0.00653821812156178,-0.0013590094815226,0
0.00736562833355389,-0.000413537782433897,0
0.00818180300377034,0.000533785501842237,0
0.00898582386857243,0.00148101981724158,0
0.009776766123438,0.00242618089631631,0
0.0105537057973055,0.00336725652139907,0
0.0113157232848008,0.0043022147866437,0
0.012061904961373,0.005229008631494,0
0.0127913468186239,0.00614558450712038,0
0.0135031610549466,0.00704989707937751,0
0.01419648213962,0.00793992303313978,0
0.0148704683032352,0.00881366588435916,0
0.0155242987743634,0.00966915243499629,0
0.0161571718941255,0.010504431151901,0
0.0167683091815407,0.0113175826389129,0
0.0173569651243904,0.0121067417233362,0
0.017922437047826,0.0128701197422302,0
0.0184640692061835,0.0136060151445186,0
0.0189812503892989,0.0143128108570862,0
0.0194734097673572,0.0149889678512911,0
0.0199400163455595,0.0156330257620297,0
0.0203805831342912,0.0162436129188086,0
0.020794672611388,0.016819459034766,0
0.0211818998027728,0.0173594032192791,0
0.0215419331729395,0.0178623976546686,0
0.0218744969255939,0.0183275141110266,0
0.0221793771848067,0.0187539582173099,0
0.0224564297492569,0.0191410868398213,0
0.0227055838220465,0.0194884172999316,0
0.0229268382710874,0.0197956214979739,0
0.0231202529463194,0.0200625099515886,0
0.0232859414836235,0.0202890187231267,0
0.0234240699597043,0.0204752080131193,0
0.0235348596909989,0.0206212690716939,0
0.0236185884472398,0.020727527818904,0
0.0236755860033165,0.0207944368879715,0
0.023706225204863,0.0208225582804552,0
0.0237109130930368,0.0208125456813719,0
0.023690084976451,0.0207651322909105,0
0.023644200055538,0.0206811214541016,0
0.0235737351274608,0.0205613732422511,0
0.0234791754814503,0.0204067852615793,0
0.0233610065345236,0.0202182748648058,0
0.023219711042286,0.019996772524795,0
0.0230557728677768,0.0197432283683359,0
0.022869682692039,0.0194586226363581,0
0.0226619393071854,0.0191439672025946,0
0.0224330441452212,0.0188002934102545,0
0.0221834927876845,0.018428633697731,0
0.0219137694403651,0.0180300090543408,0
0.0216243468258411,0.017605427415973,0
0.0213156887242019,0.0171558874484643,0
0.0209882506701816,0.0166823787453033,0
0.0206424776011886,0.016185875900465,0
0.0202788014417489,0.015667332343376,0
0.0198976420462365,0.0151276807257469,0
0.019499411172078,0.014567839221474,0
0.0190845154410118,0.0139887156266831,0
0.018653354864142,0.0133912024436632,0
0.0182063182496597,0.0127761656406786,0
0.0177437810327572,0.0121444383057346,0
0.0172661103169811,0.0114968289355124,0
0.0167736765199051,0.0108341432448953,0
0.0162668659437293,0.0101572081146503,0
0.0157460885960696,0.00946688620825836,0
0.0152117804228263,0.00876407946136823,0
0.0146644037989162,0.00804972910767389,0
0.0141044501255923,0.00732481997870647,0
0.0135324442508475,0.00659038861316695,0
0.0129489471062225,0.00584752799009001,0
0.0123545541937711,0.00509738412965787,0
0.0117498919263156,0.00434114853570105,0
0.0111356163420652,0.00358005548668216,0
0.0105124162895351,0.00281538833256068,0
0.00988101806641782,0.00204848869063444,0
0.00924218594644162,0.00128075729640362,0
0.00859671586521136,0.000513640963115887,0
0.0079454252277574,-0.000251388411793074,0
0.00728914494600958,-0.00101285044445875,0
0.00662871747177076,-0.00176926075302194,0
0.00596499914473541,-0.00251912657355008,0
0.00529886191576686,-0.00326094337773878,0
0.00463119131835125,-0.00399319883061033,0
0.00396288207826103,-0.00471438139993131,0
0.00329483494191093,-0.0054229864989188,0
0.00262795587429391,-0.00611751786124476,0
0.00196315465069519,-0.00679649010108893,0
0.00130133897690253,-0.00745844020802653,0
0.000643404078843231,-0.00810194810518516,0
-9.777574484721e-06,-0.00872565691261056,0
-0.000657361171363249,-0.00932828237453162,0
-0.00129852833013372,-0.00990860993598829,0
-0.00193248429385748,-0.0104654886508864,0
-0.00255845909424362,-0.0109978331748492,0
-0.00317571410271317,-0.0115046368190933,0
-0.0037835502747141,-0.0119849883060504,0
-0.0043813131553416,-0.0124380822624266,0
-0.00496839313696503,-0.0128632202715184,0
-0.00554422369383216,-0.0132598078081714,0
-0.00610828096035438,-0.0136273537344687,0
-0.00666008466695316,-0.0139654723814836,0
-0.00719919707374382,-0.0142738814866086,0
-0.00772521722669154,-0.0145523906381369,0
-0.00823777227443588,-0.0148008837224472,0
-0.00873651111183407,-0.0150193059760062,0
-0.00922110420231754,-0.0152076634245757,0
-0.00969124805316353,-0.0153660316674059,0
-0.010146668683182,-0.0154945626149839,0
-0.0105871196156581,-0.0155934801224687,0
-0.0110123751819202,-0.0156630660169318,0
-0.0114222240332196,-0.0157036463735227,0
-0.0118164668877401,-0.0157155862246992,0
-0.0121949180762355,-0.015699291974939,0
-0.0125574071469826,-0.015655214082124,0
-0.0129037778627579,-0.0155838446486813,0
-0.0132338858366556,-0.0154857123083554,0
-0.0135475982509817,-0.0153613812622701,0
-0.0138447970275865,-0.0152114571028201,0
-0.014125382493051,-0.0150365934542142,0
-0.0143892727801829,-0.0148374897966565,0
-0.0146363973202601,-0.0146148771353981,0
-0.0148666881239195,-0.0143694989298125,0
-0.0150800748645588,-0.0141020994474543,0
-0.0152764866357748,-0.0138134254088892,0
-0.015455857673978,-0.0135042355776751,0
-0.0156181317394498,-0.013175307618587,0
-0.0157632624753171,-0.0128274367664952,0
-0.0158912118264335,-0.012461430388942,0
-0.0160019504327321,-0.0120781063420921,0
-0.0160954612922881,-0.0116782977764545,0
-0.0161717440149575,-0.0112628591562848,0
-0.0162308162337365,-0.0108326666852412,0
-0.0162727120093988,-0.0103886128514294,0
-0.0162974808510361,-0.00993160237304069,0
-0.0163051909926731,-0.00946255687033276,0
-0.016295936425713,-0.00898242723551536,0
-0.0162698428266248,-0.00849220387531651,0
-0.0162270674595574,-0.00799291483039196,0
-0.016167792712171,-0.00748561098006242,0
-0.0160922179010655,-0.00697134760948609,0
-0.0160005546013777,-0.00645117299188644,0
-0.0158930267173599,-0.00592612654700944,0
-0.015769872052857,-0.00539724018894968,0
-0.0156313417658011,-0.00486553560705825,0
-0.0154776976912955,-0.00433201739974271,0
-0.0153092107973607,-0.00379766856617068,0
-0.015126163252869,-0.00326345332066061,0
-0.0149288525611936,-0.00273032416169888,0
-0.0147175934534343,-0.00219922459114893,0
-0.0144927149675495,-0.00167108234817076,0
-0.0142545548721034,-0.00114679751319614,0
-0.0140034565465279,-0.000627235828591694,0
-0.0137397715211229,-0.000113233741692759,0
-0.0134638657719657,0.00039438863907638,0
-0.0131761244425324,0.00089481744747098,0
-0.0128769511929382,0.00138724561840745,0
-0.0125667632288311,0.00187088215688003,0
-0.0122459864217448,0.00234496134765578,0
-0.0119150536635415,0.00280874556816867,0
-0.0115744054576754,0.00326152363607682,0
-0.0112244893838461,0.00370261137898968,0
-0.0108657570448377,0.00413135720403249,0
-0.0104986610778082,0.00454714750328493,0
-0.0101236561163876,0.00494940408397691,0
-0.00974120442938328,0.00533757217841578,0
-0.00935178236566132,0.00571110680583753,0
-0.00895588255186673,0.00606946768802535,0
-0.00855401042177491,0.00641212561384723,0
-0.00814667868331325,0.00673857300060213,0
-0.00773440489870935,0.00704832816467604,0
-0.00731771407813773,0.00734092935563842,0
-0.00689714340599285,0.00761592426286475,0
-0.0064732445675104,0.00787286413255048,0
-0.00604658193932437,0.0081113061117322,0
-0.00561772896261306,0.00833081930813912,0
-0.00518726602934267,0.00853098796755496,0
-0.00475578027333256,0.00871141100271949,0
-0.00432386420715585,0.00887170400171361,0
-0.00389211027090155,0.00901150958886124,0
-0.00346110228825091,0.00913051411260702,0
-0.00303140849382589,0.00922846123728915,0
-0.00260358010910288,0.00930515436656894,0
-0.00217815473179523,0.0093604493071705,0
-0.0017556596244608,0.00939424704193516,0
-0.00133661044465167,0.00940649564019384,0
-0.000921505499820596,0.00939720120966959,0
-0.000510819695060475,0.00936643953049229,0
-0.000105002127710924,0.00931436032786579,0
0.000295522602055255,0.00924118390807235,0
0.000690352645278226,0.00914719663525435,0
0.00107910946704988,0.00903275075388839,0
0.0014614399215718,0.0088982670101446,0
0.00183701656507394,0.00874423357139583,0
0.00220553442829282,0.0085711977433475,0
0.00256670652505994,0.00837975511355284,0
0.00292026259695338,0.00817054523558578,0
0.00326595323503563,0.00794425822076602,0
0.00360355655968035,0.00770164659142142,0
0.00393288195502674,0.00744353127439719,0
0.00425376770289512,0.00717079527562161,0
0.00456607446147054,0.00688436884572367,0
0.00486967940364314,0.00658521580315077,0
0.00516447391553913,0.00627432692512499,0
0.0054503634213105,0.00595271762704943,0
0.00572726574981488,0.00562142277031413,0
0.00599510649121967,0.00528148543798761,0
0.00625381349042311,0.00493394391396963,0
0.00650331382189764,0.00457982352238263,0
0.00674353390259444,0.00422013462872269,0
0.00697439969966521,0.00385587068503444,0
0.00719583337576741,0.00348799897787257,0
0.00740774621939504,0.00311744379266469,0
0.00761003201007778,0.00274507041329933,0
0.0078025656780921,0.00237167986037581,0
0.00798520826218848,0.00199801652982643,0
0.00815781434746502,0.00162478113575985,0
0.00832023697882817,0.00125263886324199,0
0.00847232840565768,0.000882219303913665,0
0.008613939262522,0.000514113307259103,0
0.00874491964625932,0.000148873665390377,0
0.00886512252288433,-0.000212979454036504,0
0.00897440666681112,-0.000570953890101656,0
0.00907263660204052,-0.00092458675040136,0
0.00915968051645419,-0.00127344960456337,0
0.00923541000432452,-0.00161714989544694,0
0.00929970439726451,-0.0019553230139191,0
0.00935245822280183,-0.00228761800152288,0
0.00939358711370954,-0.00261368633658203,0
0.00942302863570867,-0.00293318099254078,0
0.00944073905883914,-0.00324576376047833,0
0.00944669072371844,-0.00355111144710846,0
0.00944087388408507,-0.00384891301880023,0
0.00942330261463485,-0.00413885834248575,0
0.00939402091366669,-0.00442062621059063,0
0.009353105775277,-0.00469387813808863,0
0.00930066768398066,-0.00495825710180208,0
0.00923685148212568,-0.00521338537701422,0
0.00916183914768747,-0.00545885843133955,0
0.00907585239131663,-0.00569423909455624,0
0.00897915139301198,-0.00591905942809249,0
0.0088720285464541,-0.00613283259526075,0
0.00875480040495773,-0.00633506832266848,0
0.00862780267874189,-0.00652528216908319,0
0.00849139027329822,-0.0067029945512575,0
0.00834593963506092,-0.00686772501408422,0
0.00819184859485707,-0.00701899148276077,0
0.00802953136308331,-0.00715631935781238,0
0.0078594107474787,-0.007279256379635,0
0.0076819117386151,-0.00738738494625923,0
0.00749745851041203,-0.00748032766228489,0
0.00730647314419997,-0.00755774938463822,0
0.00710937305809723,-0.00761936173248747,0
0.00690656654401201,-0.00766493122292382,0
0.0066984491386884,-0.00769428555906431,0
0.00648540384740029,-0.00770731201033232,0
0.00626780481669628,-0.00770394871478571,0
0.00604602038498054,-0.00768417714401906,0
0.00582041152426631,-0.00764802383116601,0
0.0055913257518724,-0.00759557129265176,0
0.0053590907551794,-0.00752696962576572,0
0.005124012205475,-0.00744243972543361,0
0.00488637644020422,-0.00734226664835768,0
0.00464645468354712,-0.00722678977800686,0
0.00440450504572249,-0.00709639739861534,0
0.00416077171890778,-0.00695152696593295,0
0.00391548402260894,-0.00679266584334079,0
0.00366885788399162,-0.00662034733226267,0
0.00342109925585592,-0.0064351429522528,0
0.00317240643447428,-0.00623765700731409,0
0.00292296925657466,-0.00602852743452758,0
0.00267296689202897,-0.00580842942084346,0
0.00242256843358167,-0.00557807326310648,0
0.0021719387776538,-0.00533819137512619,0
0.00192124773636086,-0.00508951854686024,0
0.00167067733834612,-0.00483277564080139,0
0.00142042383273429,-0.00456866386234247,0
0.00117069543174038,-0.00429786764180888,0
0.00092170987312981,-0.00402105796679437,0
0.000673694703337601,-0.00373889027733024,0
0.000426889417196024,-0.00345199856634712,0
0.000181546330587196,-0.00316099191273325,0
-6.20714752909816e-05,-0.00286645680988163,0
-0.00030369345521974,-0.00256896197473873,0
-0.000543043040515131,-0.0022690594535883,0
-0.000779836304079474,-0.00196728021773795,0
-0.00101378050026534,-0.00166412959687129,0
-0.00124457617865446,-0.00136009001041793,0
-0.00147192365413819,-0.00105563257982424,0
-0.00169553040774065,-0.000751230690121789,0
-0.00191511470863168,-0.000447365917777868,0
-0.00213040382302035,-0.000144522899463119,0
-0.00234112969146654,0.000156821146529082,0
-0.00254702657083998,0.000456203174503594,0
-0.00274783252471775,0.000753173429329841,0
-0.0029432927636329,0.00104729081126307,0
-0.00313316170093304,0.0013381207180296,0
-0.00331720305549925,0.00162523671251688,0
-0.003495190361488,0.00190822130290647,0
-0.00366691031733336,0.00218666095723775,0
-0.00383216832166987,0.0024601366506342,0
-0.00399079261270121,0.00272821713769928,0
-0.00414263395035706,0.00299046110515678,0
-0.00428756154097236,0.00324642678789354,0
-0.00442545928076225,0.00349568079652737,0
-0.00455622597948329,0.00373779869768457,0
-0.00467977930526494,0.00397235778888046,0
-0.00479605954462394,0.00419892993087016,0
-0.0049050294114958,0.00441708212518927,0
-0.00500666976949078,0.00462638527108381,0
-0.00510097448883637,0.00482642474191599,0
-0.00518794744803597,0.00501680674829173,0
-0.00526760149192669,0.0051971608030766,0
-0.00533995669916317,0.00536714353833876,0
-0.00540503635015204,0.00552644705660396,0
-0.00546286233556984,0.00567480828950147,0
-0.00551345358031617,0.00581201215092581,0
-0.0055568290739708,0.00593788524785057,0
-0.00559301306931265,0.00605228505173689,0
-0.00562203796611489,0.00615509359437358,0
-0.00564394249379909,0.00624622056849209,0
-0.00565876711065356,0.00632561202457789,0
-0.00566655092718364,0.00639325597219291,0
-0.00566733274723043,0.00644917954893574,0
-0.00566115488089041,0.00649344037449556,0
-0.00564806616332943,0.00652611924195862,0
-0.00562812217711249,0.00654731825665421,0
-0.00560138408608577,0.00655716173643277,0
-0.00556791895358332,0.00655579419821974,0
-0.00552780236853524,0.00654337384785316,0
-0.00548112096373851,0.00652006644042296,0
-0.00542797175038742,0.00648604571533489,0
-0.00536845811575269,0.00644150070450226,0
-0.00530268594827423,0.00638664290330869,0
-0.00523076380410542,0.00632170533471863,0
-0.00515280765295078,0.00624693232887936,0
-0.00506894673633711,0.0061625669483812,0
-0.00497932631384612,0.0060688446131527,0
-0.00488410614762678,0.00596599534003151,0
-0.00478345733606276,0.00585424941415028,0
-0.00467756091715012,0.00573383958930796,0
-0.0045666090265659,0.00560499813750925,0
-0.00445080630956364,0.00546795327315221,0
-0.00433036904261586,0.00532293002299746,0
-0.00420552217287372,0.00517015514260667,0
-0.00407649709979248,0.0050098604411494,0
-0.00394353245104308,0.00484228003936412,0
-0.00380687668252164,0.00466764395286089,0
-0.00366678865597727,0.00448617581780324,0
-0.0035235334214284,0.00429810041737621,0
-0.00337737448767628,0.00410365847656984,0
-0.003228566957794,0.00390311987974634,0
-0.00307735500191885,0.00369678819858079,0
-0.00292397321185904,0.00348499730267183,0
-0.00276864835166785,0.00326810699014243,0
-0.00261159869692521,0.0030465033153621,0
-0.00245303146957461,0.0028206026770536,0
-0.00229314119697193,0.00259085404126413,0
-0.00213211078285775,0.00235773570659102,0
-0.00197011398593323,0.00212174918858994,0
-0.00180731633852846,0.00188341615154035,0
-0.0016438732599493,0.00164328087051785,0
-0.00147992752711634,0.00140191385853286,0
-0.00131560970198399,0.00115990939229234,0
-0.0011510427973134,0.000917874339486785,0
-0.000986348489585217,0.000676413734781653,0
-0.000821650526072654,0.000436121973230146,0
-0.000657073381217699,0.000197583688986973,0
-0.000492738370157862,-3.86200064014117e-05,0
-0.000328761279845972,-0.000271908085941728,0
-0.000165253521986957,-0.000501703094838766,0
-2.32523303821219e-06,-0.000727438518578004,0
0.000159912608316133,-0.000948564211588634,0
0.0003213479445481,-0.00116454808126928,0
0.000481867266826062,-0.00137487805059604,0
0.00064135265503204,-0.00157906920642025,0
0.000799676433214784,-0.00177667571699539,0
0.000956696599508212,-0.00196730114907155,0
0.00111225618947023,-0.00215060079731397,0
0.00126618648831661,-0.00232627617370275,0
0.00141831061607933,-0.00249406867733795,0
0.00156844387728611,-0.00265375978982007,0
0.00171639061843562,-0.0028051783977978,0
0.00186194091413187,-0.00294820857532479,0
0.00200487071226761,-0.0030827904285549,0
0.00214494594526978,-0.00320891282749055,0
0.00228192784014061,-0.00332660346349371,0
0.00241557650208772,-0.00343592207848449,0
0.00254565265533187,-0.00353695714425874,0
0.00267191991647247,-0.00362982128650914,0
0.002794149350772,-0.00371464199073094,0
0.00291212502703283,-0.00379155021663191,0
0.00302564726249302,-0.0038606736287498,0
0.00313453166472531,-0.00392213830542157,0
0.00323860575249004,-0.00397607536988238,0
0.00333770722380741,-0.00402262432121234,0
0.00343168646884428,-0.00406192775767503,0
0.00352041202235124,-0.00409412005721364,0
0.00360377505219121,-0.00411931788995074,0
0.00368169010875212,-0.00413761825067796,0
0.00375409293341592,-0.00414910252187435,0
0.00382093849097877,-0.00415384024821073,0
0.00388220130413417,-0.00415188839675086,0
0.00393787702725838,-0.00414328812571625,0
0.00398798254375781,-0.00412806443573722,0
0.00403255350021925,-0.0041062308278391,0
0.00407164126939638,-0.00407779493973077,0
0.00410531233233497,-0.00404275913306835,0
0.00413365064780539,-0.0040011148834658,0
0.00415676012677068,-0.00395283682123224,0
0.00417476345541858,-0.00389788408560968,0
0.00418779630176592,-0.00383621104878808,0
0.00419599976841476,-0.0037677817172423,0
0.00419951513911453,-0.00369257962753315,0
0.00419848249759296,-0.00361060996336814,0
0.0041930412139131,-0.00352189783362891,0
0.00418332911364655,-0.00342648912194346,0
0.0041694792691528,-0.00332445610725805,0
0.00415161632403431,-0.00321590410819073,0
0.00412985484706622,-0.00310097417108724,0
0.00410429985517149,-0.00297984151603044,0
0.00407504702621052,-0.00285271469460993,0
0.00404218029833369,-0.00271984005911324,0
0.00400576759094865,-0.0025815100222978,0
0.00396585815327223,-0.00243806797585551,0
0.00392248449119362,-0.00228990383630994,0
0.00387566822716223,-0.0021374414471334,0
0.00382542607548925,-0.00198112553570631,0
0.00377177244368821,-0.00182141535765043,0
0.0037147185760376,-0.00165878535323865,0
0.0036542711969109,-0.00149372694476996,0
0.00359043345541918,-0.0013267458421942,0
0.0035232080919244,-0.00115835493423183,0
0.00345260036673347,-0.000989067648622711,0
0.00337861886376329,-0.00081939555940343,0
0.0033012750454307,-0.000649848501284509,0
0.00322058425004554,-0.000480931803184582,0
0.0031365695419195,-0.000313137816956352,0
0.00304926663460884,-0.000146935338030816,0
0.00295872638983474,1.72360077106385e-05,0
0.00286501318610315,0.000178962937271617,0
0.00276820118529156,0.000337851331896028,0
0.00266837251628361,0.000493522881309597,0
0.00256561960984289,0.000645620193088729,0
0.0024600501119779,0.00079381732409734,0
0.00235179069745324,0.000937828355801385,0
0.00224098757133622,0.00107740948054351,0
0.00212780468436527,0.00121235653521585,0
0.00201242225325271,0.0013425031061052,0
0.00189503663388914,0.00146772128468156,0
0.00177585989022552,0.00158792174981139,0
0.00165511668762926,0.00170304841394643,0
0.00153303837614104,0.00181306736368792,0
0.0014098570431027,0.0019179557031552,0
0.00128580275020381,0.00201769680886518,0
0.00116110440608268,0.00211228294048839,0
0.001035991353577,0.00220171930918784,0
0.000910692111698565,0.00228602235865487,0
0.000785429508818619,0.0023652106181379,0
0.000660414929976252,0.00243929356463962,0
0.000535845174112913,0.00250826559164239,0
0.000411902871137819,0.00257210713041335,0
0.000288758301439535,0.00263078870885831,0
0.000166569954512004,0.00268427263827986,0
4.54835162498434e-05,0.00273251167369736,0
-7.43686120032255e-05,0.00277544881593031,0
-0.000192865438678816,0.00281302186845781,0
-0.00030989403183774,0.0028451709285968,0
-0.000425347719576685,0.00287184266248059,0
-0.000539127947997326,0.00289298705630508,0
-0.000651148582230905,0.00290854904807364,0
-0.000761338937938338,0.00291846254317868,0
-0.000869642689666544,0.0029226526438952,0
-0.000976013272259192,0.00292104493971545,0
-0.00108040915383389,0.00291357506441954,0
-0.00118279183156854,0.00290019270471795,0
-0.00128312631316964,0.00288086042695438,0
-0.00138138143765412,0.00285555258957714,0
-0.00147752803939048,0.0028242583907814,0
-0.00157153573756233,0.00278698757020592,0
-0.00166337086909893,0.00274377379576875,0
-0.00175299681934007,0.0026946732723191,0
-0.0018403751310645,0.00263976187276703,0
-0.00192546452423742,0.00257913659383333,0
-0.00200821690287582,0.00251292321679708,0
-0.00208857271650565,0.00244128538103633,0
-0.00216645930697549,0.00236442767100054,0
-0.00224179370299158,0.0022825896525687,0
-0.00231448775199807,0.00219603503213824,0
-0.00238445191458752,0.00210504335770828,0
-0.00245159587587091,0.00200990807993573,0
-0.00251582738860119,0.00191093822991075,0
-0.00257705219687836,0.00180845801540349,0
-0.00263517625193616,0.00170280185377069,0
-0.002690108687635,0.00159430785293104,0
-0.00274176321728926,0.00148331440237477,0
-0.00279005761745961,0.00137016054597288,0
-0.00283491352891678,0.00125518567077232,0
-0.00287625896398408,0.00113872372222781,0
-0.00291403323580206,0.0010210925504159,0
-0.00294819119540934,0.000902584720054513,0
-0.0029787037007505,0.000783466075200008,0
-0.0030055542955788,0.000663982184898878,0
-0.00302873521336598,0.000544366401193772,0
-0.00304824601382566,0.000424842765809086,0
-0.00306409536199358,0.000305622590796279,0
-0.0030763035344212,0.000186899459812625,0
-0.00308490301187114,6.88479487141918e-05,0
-0.00308993692364178,-4.83734118353135e-05,0
-0.00309145743835775,-0.000164619079137155,0
-0.00308952594731359,-0.000279757042573912,0
-0.00308421442231966,-0.000393671732823587,0
-0.00307560541226123,-0.00050626421010603,0
-0.00306378903267742,-0.000617446325502746,0
-0.00304885825658052,-0.000727131505132611,0
-0.00303090577206468,-0.000835228772991445,0
-0.00301002442757541,-0.000941644140652043,0
-0.00298630990594659,-0.00104628664788228,0
-0.0029598620799734,-0.0011490718466991,0
-0.00293078268531207,-0.00124991783898574,0
-0.00289917029770659,-0.00134873572578384,0
-0.00286511579367608,-0.0014454208178309,0
-0.00282870049347149,-0.00153984910245505,0
-0.00278999634465873,-0.00163187778386715,0
-0.00274906586080804,-0.00172134539380272,0
-0.00270596071126693,-0.0018080692877103,0
-0.002660720378788,-0.00189184337784982,0
-0.00261337325335884,-0.00197244086612556,0
-0.00256394069168577,-0.00204962303531338,0
-0.00251244173510976,-0.0021231494285961,0
-0.00245889535308002,-0.00219278305226176,0
-0.00240331931859368,-0.00225828874094518,0
-0.00234572804632995,-0.00231942936643089,0
-0.00228613274160242,-0.00237596669203055,0
-0.00222454498282718,-0.00242766923170589,0
-0.00216098161701341,-0.00247432289649691,0
-0.00209546779330259,-0.0025157379942465,0
-0.0020280370040839,-0.00255175018079398,0
-0.00195872987284917,-0.00258221873052212,0
-0.00188759414095115,-0.00260702699595476,0
-0.00181468631515592,-0.00262608598846623,0
-0.00174007309125318,-0.00263933733071715,0
-0.00166383063496409,-0.00264675176451402,0
-0.0015860421738938,-0.00264832417065723,0
-0.00150679657616261,-0.00264407054812372,0
-0.00142619014410674,-0.00263403151927589,0
-0.0013443309491374,-0.00261828105147723,0
-0.00126134246479905,-0.00259693384938139,0
-0.00117736360015037,-0.00257014549455933,0
-0.00109254522388193,-0.00253810541868151,0
-0.0010070460142704,-0.00250102838610791,0
-0.000921030363619896,-0.00245915004185888,0
-0.000834668408886407,-0.00241272677773094,0
-0.000748135901708925,-0.00236203538482561,0
-0.000661611969969117,-0.00230736857145188,0
-0.000575275312747461,-0.0022490273688414,0
-0.000489301174117997,-0.00218731507254961,0
-0.000403860528199042,-0.00212253555123966,0
-0.000319120257262022,-0.00205499343683795,0
-0.000235241649785264,-0.00198499078099759,0
-0.000152376012991752,-0.00191281772671594,0
-7.06592237353474e-05,-0.00183874088982518,0
9.79144091775793e-06,-0.00176299627128609,0
8.88764672717829e-05,-0.00168579030987536,0
0.000166510781365885,-0.00160730611772622,0
0.000242621213219056,-0.00152770830963668,0
0.000317146683542934,-0.00144714244710682,0
0.000390040083360458,-0.00136573106617224,0
0.000461269235755711,-0.00128357149560578,0
0.000530815590194644,-0.00120073820734856,0
0.000598671861835997,-0.00111728731889215,0
0.000664840831084135,-0.00103325883185344,0
0.000729335855698273,-0.000948675503810756,0
0.000792181171721862,-0.000863542219004729,0
0.000853409598553069,-0.000777850653864941,0
0.000913057538979765,-0.000691589441906426,0
0.000971159928941444,-0.00060475443698001,0
0.00102774814723985,-0.000517352913425968,0
0.00108285134589781,-0.000429400678095673,0
0.00113649866235987,-0.000340917181969088,0
0.00118871922623664,-0.000251924927705673,0
0.00123953919691467,-0.000162454852468471,0
0.00128897785812953,-7.25537254343818e-05,0
0.00133704532220412,1.77115465438624e-05,0
0.00138374235891284,0.000108253781914572,0
0.00142906057660551,0.000198966053124373,0
0.00147298111958049,0.000289719219338376,0
0.00151547221682115,0.000380357146694069,0
0.00155648789131191,0.000470694267571447,0
0.00159596961540535,0.000560519085191922,0
0.00163385003618817,0.000649601855032069,0
0.0016700558269474,0.00073770047621945,0
0.00170450752305359,0.00082456021384042,0
0.00173711722735932,0.000909908993830982,0
0.00176778734349081,0.000993454674201736,0
0.00179641276474943,0.00107488929833161,0
0.00182288597395243,0.00115389936662883,0
0.00184710226274817,0.00123017656735625,0
0.00186896284273657,0.00130342443784797,0
0.00188837614182257,0.00137336144454077,0
0.00190525929995121,0.00143972444203463,0
0.00191954105197519,0.00150227484958147,0
0.00193116486272743,0.00156080524552779,0
0.00194009003182367,0.00161514177368711,0
0.00194628993917701,0.00166514068952796,0
0.00194974928613072,0.00171068279953529,0
0.00195046327868665,0.00175167179301767,0
0.00194843990265056,0.00178803884865885,0
0.00194370338739042,0.00181974971573515,0
0.0019362956727796,0.00184680780075812,0
0.00192627445721206,0.00186925029840534,0
0.00191370944741979,0.00188714055235935,0
0.0018986797216916,0.00190056252886489,0
0.00188127352175609,0.00190962014926516,0
0.00186158912447057,0.00191443888472711,0
0.00183973451559782,0.00191516510289337,0
0.00181582521996082,0.00191196186764863,0
0.00178998188039149,0.00190500437193836,0
0.00176232949440521,0.00189447880760367,0
0.00173299818159668,0.00188058437598152,0
0.00170212313935888,0.00186353365876797,0
0.00166984152512106,0.00184354670709401,0
0.00163628654785064,0.00182083935331243,0
0.00160158165199755,0.00179561155602529,0
0.00156583775412505,0.00176804182183014,0
0.00152915391324283,0.00173828857762284,0
0.00149161908510636,0.0017064938142723,0
0.00145331233668804,0.00167278368007009,0
0.00141430115585304,0.00163726519402156,0
0.00137463980589442,0.00160002292642603,0
0.00133436965000433,0.00156111951122556,0
0.00129352119863025,0.00152059953967278,0
0.00125211580994069,0.00147849272886502,0
0.00121016556516077,0.00143481343413005,0
0.00116767224145589,0.00138955839917584,0
0.00112462788799498,0.0013427078308621,0
0.00108101843742022,0.00129423272266034,0
0.00103682898799021,0.00124410567447744,0
0.000992047658719022,0.0011923088905441,0
0.000946666048449387,0.00113883525984194,0
0.000900677284260245,0.0010836843930891,0
0.000854074583861714,0.00102685948400116,0
0.000806852380392884,0.000968369191894039,0
0.000759009386651982,0.000908233397334535,0
0.000710551259210032,0.000846488186462433,0
0.000661491396639185,0.000783187111119367,0
0.000611850732762279,0.000718400417702214,0
0.000561658520209878,0.000652216229234466,0
0.000510954752181399,0.000584744977560609,0
0.000459792516388225,0.000516123652218244,0
0.000408237879289095,0.000446515023159247,0
0.000356366820662919,0.000376100873174209,0
0.000304261438050818,0.000305073754078254,0
0.000252008353842352,0.000233633270796122,0
0.00019970017844908,0.000161988719959119,0
0.000147438009495188,9.03640603652391e-05,0
9.53320511844341e-05,1.89992859292094e-05,0
4.34992800007727e-05,-5.18540905045211e-05,0
-7.9402852049759e-06,-0.000121940425950651,0
