0,0,0
0,0,0
-1.44694480548495e-05,-2.8932887111167e-05,0
-9.93415797609959e-05,-0.000198620574174698,0
-0.000349589841095875,-0.000698849851827018,0
-0.000877339452587966,-0.00175348216824677,0
-0.00181372987063444,-0.00362404004398599,0
-0.00331782549155131,-0.00662735479513038,0
-0.00556740634380815,-0.0111169390131273,0
-0.00873669883727175,-0.017438218705513,0
-0.0129764178644195,-0.0258883975707846,0
-0.0184121529885607,-0.0367130312349504,0
-0.0251649350346296,-0.0501469808853635,0
-0.0333816958894673,-0.0664751510710272,0
-0.0432576957620191,-0.0860771327971755,0
-0.0550423274420005,-0.109438550064593,0
-0.0690337747197734,-0.137140055827431,0
-0.0855730748120066,-0.169845078669523,0
-0.105041479492013,-0.208294115772717,0
-0.127856562224256,-0.253296475886298,0
-0.154462671909963,-0.305710686968821,0
-0.185319403418367,-0.366420924817096,0
-0.220897573858864,-0.436328451028825,0
-0.261687796038403,-0.516368239267807,0
-0.308215021526123,-0.607537515747116,0
-0.361044425301925,-0.710906934323374,0
-0.420768251082545,-0.827593614881853,0
-0.487977328996216,-0.95870347880981,0
-0.563233054377553,-1.10527449799332,0
-0.647054961444245,-1.26825116667825,0
-0.739926389740238,-1.44849522930174,0
-0.842308088611458,-1.64681237174482,0
-0.954648254417801,-1.86397186469272,0
-1.07738653482565,-2.10071421570217,0
-1.21095734154924,-2.35775749467902,0
-1.35579547965292,-2.63580832771015,0
-1.51233851770677,-2.93556638828723,0
-1.68101724324211,-3.25770507070096,0
-1.86223360248817,-3.60282714761026,0
-2.05633739154935,-3.97141801344886,0
-2.26361634371622,-4.36382579191602,0
-2.48430460834402,-4.78027837690567,0
-2.71860022590225,-5.22091856572709,0
-2.9666755323921,-5.68582513642224,0
-3.22867108140765,-6.1750010027761,0
-3.50467727252096,-6.68833680438176,0
-3.79471636751817,-7.22557530109092,0
-4.09873429965041,-7.78629541063058,0
-4.41660149985524,-8.36991437570318,0
-4.74811610040698,-8.97569481879314,0
-5.09300695643611,-9.60275159453597,0
-5.45094172070759,-10.2500689236715,0
-5.82154568774259,-10.9165392286913,0
-6.20442761535775,-11.6010160448107,0
-6.5991989573654,-12.3023538095923,0
-7.00547456805205,-13.0194105997984,0
-7.42285630898894,-13.7510166300526,0
-7.85091405867168,-14.4959375548898,0
-8.28917947167186,-15.2528633129088,0
-8.73715632222502,-16.0204301441641,0
-9.19433826928822,-16.7972575899203,0
-9.66022173386383,-17.5819757206096,0
-10.1343088936571,-18.3732326164315,0
-10.6161052816989,-19.1696910101113,0
-11.1051186908724,-19.9700274613605,0
-11.6008601460864,-20.7729355678704,0
-12.1028415873452,-21.5771225037948,0
-12.6105669372282,-22.3812922645035,0
-13.1235224657928,-23.1841274987363,0
-13.6411785268068,-23.9842941352401,0
-14.163009062259,-24.7804816305062,0
-14.6885211160822,-25.5714633014926,0
-15.2172772289817,-26.3561424203561,0
-15.7488985002159,-27.1335595576975,0
-16.2830508177635,-27.9028661132806,0
-16.8194275359649,-28.6632905733638,0
-17.3577399150907,-29.4141201456953,0
-17.8977161274274,-30.1546994415808,0
-18.4391019898718,-30.8844324162223,0
-18.9816583312836,-31.6027779252891,0
-19.5251570623938,-32.3092420014809,0
-20.0693814264937,-33.0033790828999,0
-20.6141310869991,-33.6848024292186,0
-21.1592245638565,-34.3531892163679,0
-21.7044896094892,-35.0082613249359,0
-22.2497406327035,-35.6497399245302,0
-22.7947545969202,-36.2772972622903,0
-23.3392609021908,-36.8905357757485,0
-23.8829513877732,-37.4890082334752,0
-24.425501691357,-38.0722600368204,0
-24.9665883390409,-38.6398638006195,0
-25.505893038544,-39.1914275052329,0
-26.0430971278782,-39.726583828217,0
-26.5778755784158,-40.2449777661422,0
-27.1098937462521,-40.7462600209416,0
-27.6388032870886,-41.2300784710427,0
-28.1642328184979,-41.6960590716635,0
-28.685776068987,-42.1437817000521,0
-29.2029865240164,-42.5727690056784,0
-29.7153850594068,-42.9825014189142,0
-30.2224766251096,-43.3724499268384,0
-30.7237630633435,-43.7421017186684,0
-31.2187407090632,-44.0909546115286,0
-31.7068833509366,-44.4184825732441,0
-32.1876232696742,-44.7240968763312,0
-32.6603444501714,-45.0071318275831,0
-33.1243917410952,-45.2668622815028,0
-33.5790880132149,-45.5025373307381,0
-34.0237492074374,-45.7134099272979,0
-34.4576947467151,-45.8987573426677,0
-34.880257961379,-46.0579020242229,0
-35.2907997171794,-46.1902378208108,0
-35.6887195684164,-46.2952533974636,0
-36.0734572655654,-46.3725334724215,0
-36.4444804157769,-46.4217339863559,0
-36.8012685267623,-46.4425498293593,0
-37.1433062084968,-46.4346999891945,0
-37.470092410311,-46.3979455101019,0
-37.7811594072182,-46.3321267567077,0
-38.0760875689915,-46.2371922956555,0
-38.3545059447431,-46.113199316631,0
-38.6160808309249,-45.9602898254606,0
-38.8605023793598,-45.7786629644602,0
-39.0874785731623,-45.5685613900279,0
-39.2967357668775,-45.3302712539534,0
-39.4880199806372,-45.0641233477258,0
-39.6610962837703,-44.7704903255446,0
-39.8157512756603,-44.4497911581843,0
-39.9518046822126,-44.1025123190809,0
-40.0691288396615,-43.7292470091861,0
-40.1676631185881,-43.3307215243819,0
-40.2474123303146,-42.9077933266536,0
-40.3084294253708,-42.4614128646979,0
-40.3507916630706,-41.9925757706196,0
-40.3745867321608,-41.5022938436524,0
-40.3799130757534,-40.9915930577461,0
-40.3668881285252,-40.4615294178845,0
-40.3356531699245,-39.9131969501865,0
-40.286370950592,-39.3477215492272,0
-40.2192181523234,-38.7662439143874,0
-40.1343788639996,-38.1699067127619,0
-40.0320429953276,-37.5598467276433,0
-39.9123991681485,-36.9371825785446,0
-39.7756241085644,-36.3029878269796,0
-39.6218678258483,-35.6582623450828,0
-39.4512489156701,-35.003919517554,0
-39.2638668947395,-34.3408102836225,0
-39.0598240486679,-33.6697660304243,0
-38.8392461791498,-32.9916366880453,0
-38.6022850104239,-32.3072983492787,0
-38.3491075961408,-31.6176285890085,0
-38.0798808407777,-30.9234747228152,0
-37.7947623718064,-30.2256355093729,0
-37.493899863317,-29.5248577416388,0
-37.1774328399154,-28.821839272142,0
-36.8454927782098,-28.1172272659315,0
-36.4982007597293,-27.4116149602268,0
-36.1356720254329,-26.7055473759195,0
-35.7580244105844,-25.9995390505517,0
-35.3653866459444,-25.2940903367766,0
-34.9578971168116,-24.5896835412552,0
-34.5356895186747,-23.8867537265685,0
-34.0988749961072,-23.1856521355101,0
-33.6475356172683,-22.4866333527067,0
-33.1817349192604,-21.7898742578025,0
-32.701541818107,-21.0955228934221,0
-32.2070487795645,-20.4037348207463,0
-31.6983819063506,-19.7146943139211,0
-31.1757002149737,-19.0286119274,0
-30.6391932075177,-18.3457220107125,0
-30.0890802646894,-17.6662818318214,0
-29.525610824553,-16.9905692516301,0
-28.9490542453888,-16.3188694889439,0
-28.3596934765506,-15.6514541525247,0
-27.757814819107,-14.9885705994105,0
-27.1437173219049,-14.3304519712299,0
-26.5177247175277,-13.6773496934755,0
-25.8801999832657,-13.0295591435248,0
-25.2315438594205,-12.3874180303087,0
-24.5721790704175,-11.7512773837694,0
-23.9025308296306,-11.1214594091501,0
-23.2230142012206,-10.4982384036292,0
-22.5340395308098,-9.88184442532215,0
-21.8360204378983,-9.27248679961006,0
-21.1293838816607,-8.67037118948573,0
-20.4145748088659,-8.07571146042083,0
-19.6920610852457,-7.48874014225069,0
-18.9623402661026,-6.90972495894503,0
-18.225947862497,-6.33898331001196,0
-17.4834516102448,-5.77687752647013,0
-16.7354386047538,-5.22378434714872,0
-15.9824922893272,-4.68005402014057,0
-15.2251795435872,-4.14598354063111,0
-14.4640519733899,-3.62182022305474,0
-13.6996590353908,-3.10778777816651,0
-12.9325574475559,-2.60411030064095,0
-12.1633127326741,-2.11101178383734,0
-11.3924865830401,-1.62869397195985,0
-10.6206218968826,-1.15730835736547,0
-9.84823497216228,-0.696939598769383,0
-9.07581348118918,-0.247601719285026,0
-8.30381362570465,0.190764422393139,0
-7.53265851812759,0.618296438371264,0
-6.76273771342721,1.03520924950581,0
-5.99441639358468,1.44177476308932,0
-5.22805391202099,1.83828407871381,0
-4.46402015166467,2.2250134330164,0
-3.70269744885324,2.60221717447987,0
-2.94446786130642,2.97015301302515,0
-2.18969300880123,3.32912111269688,0
-1.43870049722925,3.6794891789855,0
-0.691784586589281,4.02169104036622,0
0.0507849620860291,4.35620691078918,0
0.788753932831785,4.68354500728328,0
1.52188153541568,5.0042351979295,0
2.24994190877369,5.31883087732276,0
2.97272417527793,5.62790735144854,0
3.69002960759018,5.93205553832012,0
4.40167222538645,6.23188100585797,0
5.10748515770314,6.52801729688521,0
5.80733285138414,6.82114771978127,0
6.50111376008072,7.11201128799526,0
7.18875047577506,7.40138030768901,0
7.8701651115883,7.6900108296757,0
8.54525851898546,7.97859875404918,0
9.21390109205402,8.26775810879287,0
9.87593834221727,8.55803324811503,0
10.5312036748243,8.84992016104232,0
11.179527062103,9.1438834723743,0
11.820735664909,9.44035697960749,0
12.4546543489841,9.73974308464177,0
13.0811060758782,10.0424130474879,0
13.6999156803859,10.348711659853,0
14.310905482627,10.6589514496873,0
14.913888585316,10.9733940879259,0
15.5086593179394,11.2922311147874,0
16.0949914906541,11.6155828601448,0
16.6726537321709,11.9435242247723,0
17.2414278315812,12.2761236258284,0
17.8011197714571,12.6134662300966,0
18.3515582151204,12.9556465832422,0
18.8925756548632,13.3027376423736,0
19.4239973033841,13.6547584978236,0
19.9456301266596,14.0116622546757,0
20.4572687747863,14.3733376832954,0
20.9586962679424,14.7396173236336,0
21.4496892275493,15.1102827671513,0
21.9300202579544,15.4850713297395,0
22.3994679066505,15.8636971228759,0
22.8578310867298,16.2458777593124,0
23.3049388937784,16.6313575221374,0
23.7406512578736,17.0199056728823,0
24.1648454228593,17.4112955041415,0
24.5774062436879,17.8052760592702,0
24.9782202919077,18.2015714294884,0
25.3671908521923,18.599902854315,0
25.7442540177489,19.0000266281471,0
26.1093904826185,19.4017574282662,0
26.4626245843383,19.8049681588524,0
26.8040166733119,20.2095749533388,0
27.1336547963804,20.615522085622,0
27.4516489775056,21.0227720639812,0
27.7581258599716,21.4312936212839,0
28.0532182167351,21.8410420230814,0
28.3370539961794,22.2519375358318,0
28.6097538200163,22.66385978998,0
28.8714397798394,23.0766674971824,0
29.1222515729441,23.4902312847169,0
29.3623588017929,23.9044585138359,0
29.591959028445,24.3192921481899,0
29.8112640314291,24.7346834462546,0
30.020485542597,25.1505633425747,0
30.2198281762763,25.5668306237095,0
30.4094944559986,25.9833621107131,0
30.5896919655698,26.400027388173,0
30.7606364862498,26.816697221963,0
30.9225506558942,27.2332422430192,0
31.0756627633583,27.6495300412954,0
31.2202080525281,28.0654331218781,0
31.3564288164158,28.4808251723055,0
31.4845660370083,28.8955695857367,0
31.6048420710036,29.3094827124733,0
31.717442974464,29.7222987404444,0
31.8225116962827,30.1336580991885,0
31.9201568740461,30.5431234748196,0
32.0104699900882,30.9502166767649,0
32.0935395190852,31.3544458089882,0
32.1694536459563,31.755315043948,0
32.2382949964445,32.1523122415894,0
32.3001351873009,32.5449005946459,0
32.3550338227584,32.9325179516298,0
32.403042319257,33.3145831119709,0
32.4442037339141,33.6904996188747,0
32.478552187761,34.059652938894,0
32.5061128246455,34.421412726982,0
32.5269092592598,34.77514950479,0
32.5409777625904,35.1202635848277,0
32.5483755259423,35.456204732041,0
32.5491775582737,35.7824656482738,0
32.5434606039419,36.0985515819614,0
32.531285976863,36.4039463984465,0
32.5126923698662,36.698098249852,0
32.4877016357779,36.9804317558204,0
32.4563309861651,37.2503729466667,0
32.4186027321293,37.5073693265195,0
32.374548212419,37.7508994702332,0
32.3242092355236,37.9804764117084,0
32.2676412972022,38.1956556368497,0
32.2049178376934,38.396044586307,0
32.1361302301277,38.5813034277312,0
32.0613801170363,38.7511307027443,0
31.9807692846187,38.9052436188262,0
31.8943955111041,39.0433704891789,0
31.8023608461194,39.1652678419894,0
31.7047868425831,39.2707533471633,0
31.6018249650478,39.3597265261594,0
31.4936536729919,39.4321648917606,0
31.3804642920687,39.4880961721258,0
31.2624454903102,39.5275675970047,0
31.1397744751913,39.5506283116358,0
31.0126154773583,39.5573258299999,0
30.8811199853471,39.5477064633906,0
30.7454257987724,39.5218129719156,0
30.6056566057143,39.4796837757951,0
30.461926719242,39.4213626012117,0
30.3143510716133,39.3469188013555,0
30.1630539293877,39.2564651081612,0
30.0081682096108,39.1501564016723,0
29.8498239067139,39.0281664324126,0
29.6881336439923,38.8906584813102,0
29.523186610594,38.7377729682893,0
29.3550554215012,38.5696406403588,0
29.1838097608293,38.3864099573165,0
29.0095260114943,38.1882663975694,0
28.832287223605,37.9754324866705,0
28.6521763363697,37.7481545859132,0
28.4692702261744,37.5066897392018,0
28.283635485893,37.251297743349,0
28.095324972069,36.9822322516637,0
27.904370094504,36.6997243860356,0
27.7107720302043,36.4039636895246,0
27.5144988794744,36.0950911338617,0
27.3154940139927,35.7732149852762,0
27.1136925449473,35.4384427278102,0
26.9090356871474,35.0909098764887,0
26.7014738360051,34.7307852302796,0
26.4909581206254,34.3582537966841,0
26.2774292092284,33.9734931998907,0
26.0608131190661,33.5766646169089,0
25.8410263352848,33.167921989784,0
25.6179844184836,32.74742851472,0
25.3916072990995,32.3153667238574,0
25.1618203664131,31.8719403681706,0
24.9285556656295,31.4173766333857,0
24.6917558904874,30.951933916482,0
24.4513776366137,30.4759079204496,0
24.207387428767,29.9896229502842,0
23.9597488292351,29.4934049793507,0
23.7084074098095,28.987550253544,0
23.4532842156568,28.4723105066878,0
23.1942825933866,27.9479059787341,0
22.931304495228,27.4145564236086,0
22.6642642942486,26.8725090636171,0
22.3930938478354,26.3220476519578,0
22.1177382515196,25.7634844172997,0
21.8381507560903,25.1971489105606,0
21.5542911400263,24.623384596223,0
21.2661273009688,24.0425511216548,0
20.9736349109938,23.4550230143176,0
20.6767939734786,22.8611821675137,0
20.3755868005401,22.2614133969994,0
20.0700029016646,21.6561140535752,0
19.7600497979191,21.0457156724263,0
19.4457613275332,20.4307005863107,0
19.1271947535008,19.8115958825119,0
18.8044161589582,19.1889435029542,0
18.4774829055453,18.563264036744,0
18.1464338953012,17.9350358592069,0
17.8112916509103,17.3046979023544,0
17.4720713750891,16.6726665941621,0
17.1287889651437,16.0393510186445,0
16.7814641797506,15.4051586715268,0
16.4301213865642,14.7704965715394,0
16.074791836253,14.1357754871043,0
15.7155170847211,13.5014163886033,0
15.3523486322412,12.8678491650091,0
14.9853403023466,12.2354966346155,0
14.614536966954,11.6047511622256,0
14.2399686286781,10.9759620835362,0
13.8616559726442,10.3494463602938,0
13.4796240516299,9.72551580079218,0
13.0939134713984,9.10449951692896,0
12.7045804627609,8.48674410598489,0
12.3116863288668,7.87259232488627,0
11.9152843633337,7.26235633307304,0
11.5154119700994,6.65630096067768,0
11.11208920931,6.05463977572088,0
10.7053197249229,5.45753567052509,0
10.2950906943444,4.86509998232186,0
9.88137354530237,4.27739321964899,0
9.46412957849423,3.69443619137355,0
9.04332124824237,3.11623257767908,0
8.61893769223487,2.54282039425497,0
8.19102449304605,1.97433157051895,0
7.75967285504684,1.41097048830265,0
7.32498504927427,0.852944406959437,0
6.88706984462568,0.300454241231074,0
6.44605683864666,-0.246277100164111,0
6.00210014042377,-0.786997049467813,0
5.55536691067485,-1.32144587900563,0
5.10602034956075,-1.84939018087081,0
4.65421473121969,-2.37063187365647,0
4.20011244165104,-2.88497396455287,0
3.74391255208991,-3.39216301766584,0
3.28587075886305,-3.89184949607147,0
2.82629882348133,-4.38358946340549,0
2.36555035484417,-4.86687354570044,0
1.90401071561881,-5.34114769481701,0
1.44210054740956,-5.80580640306577,0
0.980286786486749,-6.26017049396938,0
0.519087701190577,-6.70347665703611,0
0.0590660811467565,-7.13489040216296,0
-0.399181582052416,-7.55352743673058,0
-0.855027758073914,-7.95845884170257,0
-1.30780584992931,-8.34869505039723,0
-1.75680285560175,-8.72317135436222,0
-2.20126750193353,-9.08076436389918,0
-2.64043617682971,-9.42034368939834,0
-3.07356159993681,-9.74082911734629,0
-3.49992540407616,-10.041215341206,0
-3.91882946820837,-10.3205541008832,0
-4.3295792855802,-10.5779205167693,0
-4.73147736670307,-10.8123997674885,0
-5.12383182166403,-11.0231045054378,0
-5.50596944292489,-11.2092015711264,0
-5.87724026698499,-11.3699218742575,0
-6.2370131162114,-11.5045516982194,0
-6.58467304382232,-11.6124280435428,0
-6.91963125323451,-11.6929578737238,0
-7.24134356814314,-11.7456545609619,0
-7.54932344065993,-11.770163104283,0
-7.84313853759986,-11.7662525818231,0
-8.1223954232712,-11.7337847149893,0
-8.38672889558051,-11.6726920980902,0
-8.63580989238341,-11.5829933622479,0
-8.86936891972779,-11.4648394913571,0
-9.0872179766968,-11.3185568828999,0
-9.28925570053532,-11.1446565367662,0
-9.47545638102716,-10.9438106414336,0
-9.64585681426348,-10.7168246897325,0
-9.80055245622202,-10.4646280798967,0
-9.93969955785372,-10.1882771926333,0
-10.0635111104694,-9.8889460571865,0
-10.1722401947823,-9.56789231943054,0
-10.266159694074,-9.22641573764952,0
-10.3455533834108,-8.86583933786706,0
-10.4107240240429,-8.48752424499399,0
-10.4620077722061,-8.09289681357607,0
-10.4997776718457,-7.68345363222674,0
-10.5244287720045,-7.26072958215971,0
-10.5363542525716,-6.82624787495818,0
-10.5359299197641,-6.38148691061622,0
-10.523516213966,-5.92788252629777,0
-10.499470733765,-5.4668512765414,0
-10.4641561289639,-4.99980473804022,0
-10.4179357345157,-4.52813904145817,0
-10.3611638477468,-4.05321350132428,0
-10.2941829813498,-3.57634300934253,0
-10.2173307134903,-3.09880961839337,0
-10.1309450107809,-2.62187126699442,0
-10.0353552897839,-2.1467423311043,0
-9.93085999138793,-1.6745474780568,0
-9.81770614339227,-1.20627991610407,0
-9.69608655216755,-0.742794978661825,0
-9.56615526588929,-0.284840348507713,0
-9.42804659479311,0.166906629235513,0
-9.28188190485336,0.611826362879973,0
-9.1277617207466,1.0493740240306,0
-8.96575481409145,1.47910267454463,0
-8.79589755330078,1.90066573556545,0
-8.61820524113968,2.31379525360133,0
-8.43268524199659,2.71827611091448,0
-8.23934122988855,3.11393778272217,0
-8.03817004148306,3.50066070856153,0
-7.82916307752568,3.87837366170699,0
-7.61232121481754,4.24702414433894,0
-7.38767744017854,4.60653339331836,0
-7.15531061919028,4.95676906898411,0
-6.91533943076648,5.29755747826147,0
-6.66790282767314,5.62872249222164,0
-6.41314502985747,5.95011516032261,0
-6.15121746029843,6.26160898169618,0
-5.88229346322652,6.56306948418413,0
-5.60658092889074,6.85432782317711,0
-5.32432276206682,7.13517899775006,0
-5.035788979077,7.40539693556834,0
-4.74127232348063,7.66474300437358,0
-4.44109386316341,7.91295455906342,0
-4.13561253723131,8.14972556177095,0
-3.82522662587883,8.37470305926295,0
-3.51036285958143,8.58750830049292,0
-3.19146243562875,8.78776371682878,0
-2.86897891840191,8.97509631199992,0
-2.54339243717434,9.14910808870463,0
-2.2152289586102,9.30933690379652,0
-1.88506657045133,9.45524304732965,0
-1.55352223124565,9.58623513760952,0
-1.22122928101582,9.7017145910943,0
-0.888821931087221,9.80110599034358,0
-0.556932857186251,9.88386080360052,0
-0.226195807135905,9.94945092077035,0
0.10275864566813,9.99737569117607,0
0.429316041800647,10.0271863497692,0
0.752889777937674,10.0385084300586,0
1.0729216242975,10.0310417530005,0
1.38887175965498,10.0045401239699,0
1.70021119983154,9.95879537592875,0
2.00642766094285,9.89364872601143,0
2.30704369415056,9.80902631154026,0
2.60163255016556,9.70497009209406,0
2.88981784869991,9.58163621232082,0
3.17125731630323,9.43926116753328,0
3.44562477778576,9.27812457325814,0
3.71260506719567,9.0985377774914,0
3.97190273379167,8.90086031201857,0
4.22325269062771,8.68552028235519,0
4.46642181432113,8.45301676971416,0
4.70120343723292,8.20390761593821,0
4.92741581102405,7.93880495772737,0
5.14491146492314,7.65839223457383,0
5.35359104983799,7.36345005878174,0
5.55340793090787,7.05486361812705,0
5.74435667866408,6.73359796804982,0
5.92645316099943,6.4006567235376,0
6.09972189736263,6.05705540937625,0
6.26419945275054,5.7038271850925,0
6.41994779364282,5.34204835310117,0
6.56706209938873,4.97285287705185,0
6.70566349856977,4.59741644143746,0
6.83588169406029,4.21691984076388,0
6.95784093778503,3.83251921382058,0
7.07165773371797,3.44533941977139,0
7.17744464581731,3.05648001699285,0
7.27530882021859,2.66701074419025,0
7.36534158589888,2.27794937382878,0
7.44760846063752,1.89024020683833,0
7.52215182255248,1.50475797264333,0
7.58900735855162,1.12233892119781,0
7.64822155635757,0.743814066542468,0
7.69985549019813,0.370014927511633,0
7.74397228797901,0.00174651756574301,0
7.78062006804557,-0.360248439072715,0
7.80982507480133,-0.715304706194242,0
7.83159906846621,-1.06282082063261,0
7.84595161832949,-1.40223515001221,0
7.85289475528267,-1.73301727704798,0
7.85243689658849,-2.05468069345418,0
7.84457475347235,-2.36679983023105,0
7.82929348087861,-2.66901069796595,0
7.80657498220029,-2.96099515492885,0
7.77640355509144,-3.24247045700942,0
7.73875950242921,-3.51320257203581,0
7.69360440590398,-3.77303603124599,0
7.64087266139426,-4.02191105500383,0
7.58048031414933,-4.25984592843092,0
7.5123470719812,-4.4868929274642,0
7.43641579023948,-4.70309930883049,0
7.35265708579383,-4.90849814255736,0
7.26106103872822,-5.10312507119532,0
7.16162869243675,-5.28703544405455,0
7.05437340693259,-5.46030150939742,0
6.93933009813797,-5.62299346450911,0
6.81656189196997,-5.77516523023342,0
6.68615722562126,-5.91685916268554,0
6.54822176967818,-6.04812096645205,0
6.40287628706222,-6.16900284707952,0
6.25026579066116,-6.27954416748746,0
6.09057236860944,-6.37974480271094,0
5.92401783556275,-6.46955906010202,0
5.75085016064646,-6.54892186011735,0
5.5713232595769,-6.61778837996027,0
5.38568633793232,-6.67615430344844,0
5.19419048517694,-6.72404146082858,0
4.99710459314734,-6.76146463113706,0
4.79472593285215,-6.78840904056714,0
4.58737858925644,-6.80483232083808,0
4.37540605704728,-6.81067839748357,0
4.15916878579259,-6.80588166034335,0
3.93904953097784,-6.79035544783224,0
3.71545868828606,-6.7639806131164,0
3.48882954723134,-6.72661361884017,0
3.25960370284896,-6.67811468425709,0
3.02821691791722,-6.61837435325863,0
2.79509761356552,-6.54731520761107,0
2.56067795984448,-6.46486815258943,0
2.32540522238075,-6.37094842098368,0
2.08973948706186,-6.26545901066248,0
1.85413620116294,-6.14832473196528,0
1.61902584822603,-6.01953220155947,0
1.38480456504972,-5.87914767733263,0
1.15183838514988,-5.72730797842337,0
0.920470458113554,-5.56420448714702,0
0.691021742468353,-5.39008089768707,0
0.463785102201325,-5.20524364479748,0
0.239023093720275,-5.01006551235055,0
0.0169760338722465,-4.80496854415284,0
-0.202124204753082,-4.59039577546149,0
-0.418047408505647,-4.36679680663985,0
-0.630572816671034,-4.13464254659113,0
-0.839505915515923,-3.89445772561843,0
-1.04468978467941,-3.64684238280829,0
-1.24600123017905,-3.39246260501242,0
-1.443335605772,-3.132018615536,0
-1.63659443422489,-2.86621816917356,0
-1.82568581768094,-2.59577599857696,0
-2.01053499715122,-2.32143354595788,0
-2.19109261392889,-2.04397461589274,0
-2.36733303186722,-1.7642207338047,0
-2.53924627032861,-1.48301421228143,0
-2.70683482264195,-1.20121020921004,0
-2.87011893225084,-0.919686053502895,0
-3.02914273494464,-0.639351968550198,0
-3.18396933917969,-0.3611398570327,0
-3.33466255403126,-0.0859653719589937,0
-3.48126604132991,0.185315030814995,0
-3.62379438124817,0.451923244921024,0
-3.76224020074373,0.713146159222693,0
-3.89658832424476,0.968308446188266,0
-4.02682267329397,1.21675990496241,0
-4.15292049643712,1.45788834545534,0
-4.27484102158726,1.69114380230253,0
-4.39252036557417,1.91605048388244,0
-4.50587651201183,2.13219824023701,0
-4.61481714380006,2.33922814379808,0
-4.71924042045265,2.53683184823611,0
-4.81902803165149,2.72476619007879,0
-4.91404047056639,2.90286323526008,0
-5.00412419827742,3.07101646844505,0
-5.08912853161108,3.22914749870716,0
-5.1689189172767,3.37717996875979,0
-5.24337505633588,3.51504377298423,0
-5.31237566292808,3.64270603848273,0
-5.37578344193779,3.76020155641276,0
-5.43344264327972,3.86763784078846,0
-5.48518930088375,3.96517452107755,0
-5.53086344241298,4.05299857228257,0
-5.57031328328198,4.13131553933503,0
-5.60339179669313,4.20035614397107,0
-5.62995477214279,4.26038009600084,0
-5.64986744999776,4.31166285188445,0
-5.6630163758481,4.35447186508319,0
-5.66931572503775,4.38905377410804,0
-5.66870172828505,4.41564516715845,0
-5.6611212557344,4.43449485002228,0
-5.64652805231815,4.44587059111244,0
-5.62489389961933,4.45003579977335,0
-5.59622765151713,4.44721030879712,0
-5.56058709700898,4.43754549540357,0
-5.5180750446419,4.42113109280215,0
-5.46882510719285,4.39802277120645,0
-5.41299017269852,4.36826441058687,0
-5.35074081886945,4.33189038019953,0
-5.2822691281149,4.2889168052758,0
-5.20778812732607,4.23934140887993,0
-5.1275232866113,4.18315920023785,0
-5.04170286068481,4.12038057847006,0
-4.95055689437817,4.05103226526395,0
-4.85432667449611,3.97513748696174,0
-4.75327519543213,3.89269424154636,0
-4.6476866354082,3.80367564027718,0
-4.5378525150505,3.70805694527384,0
-4.42405511662399,3.60584805065339,0
-4.30656185091421,3.49710389771007,0
-4.18563405820422,3.38190576679806,0
-4.06154037831324,3.26033322669003,0
-3.93456173490968,3.13245282567381,0
-3.80498464920895,2.99833027989081,0
-3.67309120820656,2.85804958086994,0
-3.53915540488822,2.71171951427091,0
-3.40344620999659,2.55946673208566,0
-3.26622862364522,2.40143279034347,0
-3.12775530454269,2.23778994359752,0
-2.98825184509734,2.06876964603885,0
-2.84790723160727,1.89468063418743,0
-2.70687826280392,1.71589915430016,0
-2.56530473057389,1.53283765142877,0
-2.42332256090014,1.34591771344919,0
-2.28106414784636,1.15556876077767,0
-2.13864765983929,0.96224902542018,0
-1.99616718986765,0.766464891585941,0
-1.85369419651483,0.568767590251651,0
-1.71128870572109,0.369729922203725,0
-1.56900971554664,0.169924510386059,0
-1.42691659069957,-0.0300802555171338,0
-1.28506453042166,-0.229712222134613,0
-1.14350394793864,-0.428395398581147,0
-1.00228880367625,-0.625567421594637,0
-0.861487204887693,-0.820701885443534,0
-0.721183276293897,-1.01331277370573,0
-0.581465860839089,-1.20293282115113,0
-0.442412484456129,-1.38908231515376,0
-0.30408206127821,-1.57125531080914,0
-0.166522041895719,-1.74893510696004,0
-0.0297834327945942,-1.92162534065421,0
0.106069355503468,-2.08887083199355,0
0.240960279918572,-2.25025490130966,0
0.374809876907027,-2.40538354683414,0
0.507539101444818,-2.55387824755958,0
0.639064137371235,-2.69538672984413,0
0.76928844074642,-2.82959964277377,0
0.898101547268368,-2.95625368758103,0
1.02538651910885,-3.07511765226205,0
1.15102735129526,-3.18597868245485,0
1.27490625481595,-3.28864865753463,0
1.39689114288004,-3.38299024546864,0
1.51682447749099,-3.4689400903947,0
1.63452498810631,-3.546506156799,0
1.74980244454264,-3.61573862057315,0
1.86247439991554,-3.6766967321534,0
1.9723729815196,-3.72943559530484,0
2.07933990153277,-3.77401657091134,0
2.18321846036858,-3.81052375025154,0
2.28385230687357,-3.83906701717402,0
2.38109161849005,-3.85976985666344,0
2.47479883252248,-3.87275792157773,0
2.56484630673685,-3.87816342443114,0
2.65110785408183,-3.87614169842859,0
2.7334539938105,-3.86688028132173,0
2.81175810299988,-3.8505861971252,0
2.88590933082261,-3.82745973581422,0
2.9558200043639,-3.7976793154038,0
3.02141946544715,-3.7614136443416,0
3.08263899878751,-3.71885174745431,0
3.13940109851357,-3.67022433795208,0
3.19162192778512,-3.61579856353358,0
3.23922354146704,-3.5558529454687,0
3.28214454047539,-3.49065522993331,0
3.32034164103112,-3.4204583568788,0
3.35378514380602,-3.3455087165268,0
3.38245722143241,-3.26604887363794,0
3.4063574887753,-3.18230574335771,0
3.42551068684142,-3.09447446037897,0
3.43996710189839,-3.00271666559326,0
3.44979259534745,-2.90717948234675,0
3.45505584042039,-2.80801998498489,0
3.4558243453226,-2.70541205549433,0
3.45217298959941,-2.59952803688817,0
3.44419672475113,-2.49051214009155,0
3.43201460129638,-2.37847129786796,0
3.41576057779901,-2.2634927597449,0
3.39556893283428,-2.14567276763476,0
3.37156620340856,-2.02513231904479,0
3.34387380746432,-1.90201150526195,0
3.31261472819802,-1.77645555552695,0
3.27791516457289,-1.64861081423363,0
3.23989970088003,-1.51863363964922,0
3.19868733387025,-1.38669764669888,0
3.15439584078418,-1.25298432305239,0
3.10715313695274,-1.11765970418917,0
3.05710568992623,-0.980856974319204,0
3.0044149977952,-0.842683011074256,0
2.94924342122206,-0.703246277855756,0
2.89174050395765,-0.5626837650027,0
2.83204046748819,-0.421165388693133,0
2.77027094155539,-0.27887576045953,0
2.70656261425443,-0.135994025847175,0
2.64104965391464,0.00730780711415821,0
2.5738608969247,0.150847783451474,0
2.505111005576,0.294416584300706,0
2.43489953485723,0.437775777477143,0
2.36331615247951,0.580668333809758,0
2.29044323812223,0.722823991681745,0
2.21635055760188,0.863948869891563,0
2.14108676798972,1.00370877329137,0
2.06467803795755,1.14172688990466,0
1.9871387181962,1.27760564560558,0
1.90848778704783,1.41096029938754,0
1.82875885737218,1.54143956046481,0
1.74799689370066,1.66871958829081,0
1.66624644533562,1.79248085295563,0
1.58354301397143,1.9123912630258,0
1.49991478619976,2.02811018017486,0
1.4153911305898,2.13930620473,0
1.3300081040535,2.24566916918473,0
1.24380582278277,2.3469058637328,0
1.15682250067814,2.44272895809893,0
1.06909402760371,2.53285686140362,0
0.980661575943259,2.6170294389626,0
0.891579815067446,2.69502487652448,0
0.801916219929664,2.76665861739694,0
0.711740459145616,2.8317623710004,0
0.621113338071868,2.89016223450289,0
0.530086331703688,2.94167805879734,0
0.438713411943061,2.98614769277748,0
0.347066114934908,3.02345774716369,0
0.255240429004899,3.05355808878637,0
0.16335247698519,3.07645367995265,0
0.0715299260349563,3.09218772619618,0
-0.0200916131618372,3.10083459869237,0
-0.111365382020274,3.10250648316975,0
-0.20213010517976,3.09736042233528,0
-0.292213736094934,3.08559120072015,0
-0.381443399395274,3.06741188446649,0
-0.469652562282356,3.04303976593616,0
-0.556678123171761,3.01270244107395,0
-0.6423502008531,2.97665836219746,0
-0.726485770558911,2.93520955707508,0
-0.808894523621209,2.88868955301563,0
-0.889394100939321,2.83743237236269,0
-0.967823015176827,2.78174595453309,0
-1.04404221207341,2.72190837865769,0
-1.11792689874439,2.65818375204653,0
-1.18935827006802,2.59083847004574,0
-1.25822265357343,2.52014273091135,0
-1.32441637030199,2.4463604387463,0
-1.38784856375228,2.36974311269766,0
-1.44843717415574,2.2905373752041,0
-1.50610211459505,2.20899805028904,0
-1.56076444069421,2.12538927497274,0
-1.6123553813411,2.03996591193442,0
-1.66082887859333,1.95294793459451,0
-1.70616654602364,1.86451006030203,0
-1.74837020413737,1.77479634522258,0
-1.78744872469654,1.68394623066099,0
-1.82341114597809,1.59210797547277,0
-1.85627157476395,1.49942826127693,0
-1.88606001217809,1.40602967470097,0
-1.91282842129358,1.31199754755958,0
-1.93664738041281,1.21738566448191,0
-1.95759844313502,1.12223074278453,0
-1.9757704558117,1.02655919316511,0
-1.99126186043377,0.930382032157007,0
-2.00418272019583,0.833690408862108,0
-2.01464909911572,0.736466474916838,0
-2.02277005198665,0.638709095648982,0
-2.02863610013194,0.540456606450414,0
-2.03231848985175,0.441787965525199,0
-2.03387954798081,0.342801615192541,0
-2.03338449929638,0.243591409329441,0
-2.03090409731248,0.144241042143201,0
-2.02650653943889,0.0448401214585712,0
-2.02024730523936,-0.0544953975224574,0
-2.01216659768394,-0.153618010802229,0
-2.00229543873187,-0.252360922266653,0
-1.99066266621314,-0.350552359974019,0
-1.97729537505926,-0.448016961676587,0
-1.96221381720982,-0.544566097505037,0
-1.94542869247318,-0.639992966774071,0
-1.92694638644238,-0.734083524954079,0
-1.9067785618777,-0.826636050642591,0
-1.88494645590408,-0.917470024382911,0
-1.8614740172783,-1.00641251464153,0
-1.83637429889084,-1.09327090443558,0
-1.80964025992532,-1.1778144238501,0
-1.78124758321465,-1.25977982041042,0
-1.75116655166935,-1.33889534284179,0
-1.71937263845898,-1.41490225877506,0
-1.68584827837533,-1.48755867155795,0
-1.65057804129461,-1.55662995890433,0
-1.61354584768944,-1.6218831359387,0
-1.57473940570872,-1.68309563381925,0
-1.53415789673731,-1.7400706772165,0
-1.49181447192815,-1.79264243230113,0
-1.44773050562206,-1.84066478968404,0
-1.40192797160001,-1.88399651653764,0
-1.35442932005365,-1.92250151007874,0
-1.3052671560248,-1.95606880758794,0
-1.25449591392016,-1.98463662150206,0
-1.20219490829058,-2.00819902088495,0
-1.14845953592455,-2.0267886811129,0
-1.0933878051148,-2.04045000968999,0
-1.0370726768512,-2.04922384992374,0
-0.979604311096423,-2.05315202192297,0
-0.921076670436754,-2.05229077476197,0
-0.861589936810488,-2.04671595398539,0
-0.801246260675594,-2.03651480331586,0
-0.740144735261836,-2.02177610034978,0
-0.678382863209892,-2.00259317220766,0
-0.616064445963264,-1.97907970744423,0
-0.553305741959363,-1.95138208116717,0
-0.490232128374499,-1.91967264798537,0
-0.426966641190568,-1.88412676070866,0
-0.363620316352762,-1.84490344366326,0
-0.300293128523283,-1.80214743543314,0
-0.237084441513749,-1.75601045788207,0
-0.174103094330956,-1.70667192624214,0
-0.111468283636958,-1.65434105347008,0
-0.0493013638469382,-1.59924065668286,0
0.0122831043120348,-1.5415890557177,0
0.0731797951190677,-1.48159490228274,0
0.133289151461831,-1.41946372994701,0
0.192515204804334,-1.35540201807572,0
0.250769833793278,-1.28960833511382,0
0.307980534032836,-1.22225748462833,0
0.364093171580497,-1.15349460836746,0
0.419064950618986,-1.08344891504137,0
0.47285235239609,-1.01225741606764,0
0.525404600508214,-0.940077623458166,0
0.576668322480785,-0.867077589634716,0
0.626598647885491,-0.793413052108966,0
0.675165792848429,-0.719213499160932,0
0.722351147508136,-0.64458948963836,0
0.768137067496583,-0.569652848136311,0
0.812499917444868,-0.494530531388228,0
0.855411409039332,-0.419361942062395,0
0.896844299207466,-0.344287400621672,0
0.936774716709535,-0.269443195151686,0
0.975178371090887,-0.194968763603854,0
1.0120259135469,-0.121015510972787,0
1.04728494380204,-0.0477422884946294,0
1.08092982167441,0.0247048139100672,0
1.11295182540848,0.0962133599161863,0
1.14336037629906,0.166707494063843,0
1.1721735434137,0.236129238856823,0
1.19940580772938,0.304414176608827,0
1.22506333835191,0.37148216142823,0
1.24914943482253,0.437248523180101,0
1.27167303980514,0.501641538267737,0
1.29265117823326,0.564607798811939,0
1.31210345432695,0.626101487043887,0
1.33004520002361,0.68607072599024,0
1.34648655347844,0.744455557626761,0
1.36143741635209,0.801197586222818,0
1.37491123853015,0.856247243588221,0
1.38692164549485,0.909556728067621,0
1.39747399105378,0.961062808800131,0
1.40656043840247,1.01067677078758,0
1.4141650546585,1.05829456992163,0
1.42027630564016,1.10382199776206,0
1.42489710050381,1.14719501652095,0
1.42804442455341,1.18837919851616,0
1.42973995508183,1.22735091967609,0
1.43000074875284,1.26407854544678,0
1.42883763671938,1.29851903965751,0
1.42626023738013,1.33062795798699,0
1.42228082261645,1.36036731296972,0
1.41691155936254,1.3877002560415,0
1.41015799684916,1.41257820758902,0
1.40201661905343,1.43493603374515,0
1.39248021689234,1.454702798608,0
1.38154611495216,1.47181816240297,0
1.36921844491209,1.48623677303172,0
1.35550110358631,1.49791389156403,0
1.34038741373331,1.50678435144823,0
1.32385633918738,1.51275471854192,0
1.30587947234633,1.51571725484182,0
1.28643338368333,1.51557490463894,0
1.26550760778491,1.51225772651957,0
1.24310347818795,1.50572100013243,0
1.21922797999258,1.4959332243914,0
1.19389068251554,1.48287015176049,0
1.16710697160142,1.4665214010022,0
1.13890277811634,1.4469001156114,0
1.10931373547741,1.42404152601964,0
1.07837786178433,1.397988561951,0
1.04612875380513,1.36877848101941,0
1.01259699161927,1.33644594704757,0
0.977819659864392,1.30104237921895,0
0.941849508559442,1.26265453507726,0
0.904755077497051,1.22140483023052,0
0.866611453371944,1.17743264366134,0
0.827489892984644,1.13087314010828,0
0.787455004893266,1.08185119072779,0
0.746570525123748,1.0304926571818,0
0.704906861970652,0.97693945084622,0
0.662543163354944,0.921353785531894,0
0.619563506215558,0.863910695220899,0
0.576053392266847,0.804791096623239,0
0.532102004247048,0.744186330172763,0
0.487808414740346,0.682310570053272,0
0.443284103120383,0.619405796018215,0
0.39864651646337,0.555728736176499,0
0.354007118465461,0.491526716867718,0
0.309463480371146,0.427021525783551,0
0.265101659686646,0.362414034460858,0
0.221005561729197,0.297902863988265,0
0.177263570071451,0.233697693719259,0
0.133966009985402,0.170013995536124,0
0.0911960897227704,0.107054510508108,0
0.0490227224743352,0.0449942279739018,0
0.00750062107812046,-0.0160201585333797,0
-0.0333249865373958,-0.0758614247382405,0
-0.073415873460663,-0.134417338894178,0
-0.112743884923642,-0.191597138960837,0
-0.151295433616765,-0.247340769074757,0
-0.189070315082623,-0.301616634837624,0
-0.226072787580318,-0.354403744017357,0
-0.262301079214626,-0.40567065033452,0
-0.29774428118051,-0.455369171164431,0
-0.332389415765694,-0.503448694021594,0
-0.366232259142774,-0.549878067744236,0
-0.399282172058707,-0.594655540037592,0
-0.431557355711013,-0.637799429424375,0
-0.463076183238425,-0.679330621388476,0
-0.493852962622708,-0.719263948013872,0
-0.523900886432556,-0.757613925057528,0
-0.553236910388684,-0.794404551741347,0
-0.581881855103586,-0.82966969134244,0
-0.609855032819876,-0.863442588206539,0
-0.637169398653529,-0.895746406836558,0
-0.663833169705932,-0.926597751665565,0
-0.689856922991757,-0.956021092831745,0
-0.715258583171687,-0.984058884775415,0
-0.740059547043898,-1.01076373591032,0
-0.764273145241853,-1.03617499235559,0
-0.787894075321509,-1.06029710498728,0
-0.810896921881383,-1.08309620839215,0
-0.833243756255507,-1.10451505022703,0
-0.854893077189283,-1.12449079502421,0
-0.875802598256133,-1.14296056591095,0
-0.895925877318228,-1.15985460634787,0
-0.915209399591659,-1.17509018486322,0
-0.933595431400034,-1.18857699692311,0
-0.951028659922278,-1.20023017669142,0
-0.967459627928683,-1.20997695033091,0
-0.982840934800645,-1.21774887843023,0
-0.997120084048225,-1.22346744659436,0
-1.01023715698763,-1.22703942708198,0
-1.02213139196193,-1.22837023076932,0
-1.03275212996842,-1.22738613326037,0
-1.04206501992633,-1.22404699985434,0
-1.05004845079651,-1.21833925226509,0
-1.05668395878211,-1.21025649370109,0
-1.06194932325656,-1.19978531284503,0
-1.06581956634969,-1.18690688670192,0
-1.06827295586497,-1.17160872459448,0
-1.06929478414436,-1.15389211091357,0
-1.06887541816016,-1.13376815837999,0
-1.06700650818723,-1.11125017972153,0
-1.06368195775795,-1.08635558375067,0
-1.05890507806825,-1.05912017110016,0
-1.05269583689489,-1.02961263545381,0
-1.04509064532472,-0.997934091880645,0
-1.03613375500565,-0.964200739073691,0
-1.02586745403275,-0.928524098330674,0
-1.01432954195802,-0.891005943836981,0
-1.00155968061783,-0.851751238340454,0
-0.987608013551273,-0.810885830790625,0
-0.972537875201485,-0.768562379131346,0
-0.956420609003997,-0.724950330201961,0
-0.939327970597493,-0.680220814546785,0
-0.921328890987403,-0.634540058644771,0
-0.902491626435559,-0.588073482075763,0
-0.882885930558042,-0.540989835223888,0
-0.862579850865062,-0.49345456819995,0
-0.841632244716354,-0.445614642445328,0
-0.820088076390934,-0.39758893489644,0
-0.797982139837117,-0.349475605694416,0
-0.775348944773552,-0.301371917711219,0
-0.752230161353577,-0.253389188528248,0
-0.728673008029485,-0.20564951612473,0
-0.704721491961806,-0.15826801197578,0
-0.680408906019419,-0.111337431141006,0
-0.655758162078979,-0.0649285705453639,0
-0.630788567232772,-0.0191037618823914,0
-0.605521901592738,0.0260707996163657,0
-0.579982513195294,0.0705246285039434,0
-0.554193145240433,0.114191093508371,0
-0.528172758236365,0.157011744521443,0
-0.501939862921748,0.198929673736487,0
-0.475518042567687,0.239878655119899,0
-0.448936744743266,0.279781837769525,0
-0.422224459411082,0.318565852092217,0
-0.395399264123427,0.356180258013463,0
-0.368465285855079,0.392605128936922,0
-0.341418785022914,0.427839171773244,0
-0.314258833945561,0.461878461704046,0
-0.286993661125086,0.494703729942627,0
-0.259638504754899,0.526284734540987,0
-0.23220917738766,0.55659336334682,0
-0.204718961786312,0.585610204085151,0
-0.17718177007776,0.613318474959883,0
-0.149617375289527,0.639693705020089,0
-0.122052356271094,0.664701792271519,0
-0.0945155500463168,0.688307953669751,0
-0.0670332410596752,0.710486134098831,0
-0.0396301466197167,0.731216765422011,0
-0.0123362266192183,0.750472804332687,0
0.0148073071362384,0.768207415707847,0
0.0417497585410185,0.784357376318155,0
0.0684405873078159,0.798862471879284,0
0.0948395958183687,0.811686160527269,0
0.120919697768655,0.822821392922115,0
0.146661279500502,0.832279388159449,0
0.172044614428506,0.840074311803199,0
0.197047463204674,0.846218172895616,0
0.221648459289489,0.850727331026292,0
0.245830519208822,0.85362913170485,0
0.269579030295716,0.85495813371526,0
0.292876071186748,0.854744392816101,0
0.315697106680655,0.853006654338768,0
0.338014572414955,0.849759312879922,0
0.359805577415662,0.845027588765082,0
0.381056152713711,0.838855735959393,0
0.401757320920831,0.831298695367106,0
0.421896040647918,0.822403339038295,0
0.441449198651615,0.812195809230622,0
0.460386127093289,0.80068609343136,0
0.478677199350676,0.787885073498355,0
0.496300742571285,0.773818461556133,0
0.513242891338202,0.758526705241187,0
0.529492413125177,0.742054752820636,0
0.545037129385824,0.724444908653031,0
0.559865718126835,0.705740388660581,0
0.573971742413424,0.685993320068491,0
0.587353547247278,0.665264478803905,0
0.600007938272972,0.643610529107172,0
0.611922699206851,0.62106895110219,0
0.623075301955143,0.597655403874802,0
0.63343970207135,0.573377411500508,0
0.642995408146897,0.548252681315011,0
0.65173078153866,0.522315818807831,0
0.659638055366247,0.495608262518266,0
0.666705312914595,0.468161905539809,0
0.672913075431804,0.439991851562125,0
0.678238141571916,0.411103791497163,0
0.682660205097643,0.381507166690751,0
0.686164762738103,0.35122111425107,0
0.688740693232624,0.320269855065353,0
0.690377209616179,0.288676856263247,0
0.69106570588274,0.25646879839059,0
0.69080629800687,0.223688939436208,0
0.689612772241035,0.190407237993252,0
0.687510071080021,0.156715399491405,0
0.684525415556822,0.122709006847666,0
0.680680603692238,0.0884719049624997,0
0.675992171735085,0.054076375623445,0
0.670478687694607,0.0195977572138941,0
0.664167911729725,-0.0148710888388028,0
0.657097287616193,-0.0492186866836763,0
0.649308107759282,-0.0833267242024071,0
0.640839567625887,-0.117082271669502,0
0.631728069156753,-0.150379636508793,0
0.622010914834644,-0.183113410185541,0
0.611728727235067,-0.215173989990055,0
0.600922629603428,-0.246453501998035,0
0.589628581150209,-0.27685732487734,0
0.577875354827391,-0.306308207671449,0
0.565689715029506,-0.334735804747287,0
0.553105020931601,-0.362059223711617,0
0.540165319431557,-0.388178606951373,0
0.526920632554226,-0.412984507238756,0
0.513417196589395,-0.436377598040941,0
0.49969081372068,-0.458282287836693,0
0.485767907476158,-0.478644868116637,0
0.471671219033577,-0.497422204841254,0
0.457423209234205,-0.514574876920901,0
0.443043725606999,-0.530071770776477,0
0.428545186247671,-0.543899731722432,0
0.413931198725499,-0.556066438428773,0
0.399200530359243,-0.566592626539202,0
0.384352129114887,-0.575502229855893,0
0.36938527531323,-0.582822309901212,0
0.354293881763519,-0.588594731458987,0
0.339060549804212,-0.592888296332601,0
0.323657265092384,-0.595797406984586,0
0.308053868822905,-0.597424884677627,0
0.292228134554211,-0.597861328879015,0
0.276169736442461,-0.597176630506526,0
0.259876210181043,-0.595427636028571,0
0.24334628292722,-0.59267129492532,0
0.226577370982915,-0.588969594647298,0
0.209568613979714,-0.584383426989962,0
0.192324602600004,-0.578964991083009,0
0.174854630282879,-0.572759097704245,0
0.157167896367036,-0.565812576479526,0
0.13927026306187,-0.55818056665921,0
0.121167180592532,-0.549920465413718,0
0.102871028703982,-0.541076989555452,0
0.0844061208597004,-0.531671980166059,0
0.0658062254523392,-0.52170933609464,0
0.0471064351986216,-0.511191449533991,0
0.0283366770087467,-0.500132428700088,0
0.0095226638068743,-0.4885562986082,0
-0.00930694341338491,-0.47648251470683,0
-0.0281140311203656,-0.463912517896832,0
-0.046850721549054,-0.450828588967806,0
-0.0654642214235046,-0.437203083996807,0
-0.0839009460741345,-0.423006341941521,0
-0.102105922967968,-0.408205240339421,0
-0.120019735101144,-0.392756886920525,0
-0.13757881019334,-0.376609061146707,0
-0.154721597287436,-0.359712533658009,0
-0.17139655449261,-0.342037067469206,0
-0.187565026394187,-0.323577163852364,0
-0.203196361945354,-0.304342154263535,0
-0.218259848709878,-0.284339811478909,0
-0.232721021179677,-0.263568740522742,0
-0.24654566432616,-0.24202634988249,0
-0.259707570838011,-0.219724600082578,0
-0.272192984967382,-0.196699234916179,0
-0.283998414181753,-0.173005706598777,0
-0.295125165124918,-0.148708345641048,0
-0.30557658593929,-0.12387475576533,0
-0.315360137764387,-0.0985797565588044,0
-0.324490422536351,-0.0729111846981596,0
-0.332987848517768,-0.0469669378247835,0
-0.340872466060977,-0.0208423220288154,0
-0.348158449126421,0.00538127287457905,0
-0.354855090745183,0.0316345132266305,0
-0.360974177142766,0.0578453005648816,0
-0.366537235830266,0.0839240616228086,0
-0.371575994708801,0.109762667017665,0
-0.376125679527034,0.135247840531373,0
-0.38021722443325,0.160276923321488,0
-0.38387481065136,0.184762992561308,0
-0.38711942051941,0.208627807026426,0
-0.389973322903539,0.231792692291824,0
-0.392460314078137,0.254177796147469,0
-0.394601821787708,0.275709617724982,0
-0.396413805017122,0.296327008015797,0
-0.397908514210623,0.31597751190193,0
-0.399099484639386,0.334607316458425,0
-0.400003783273107,0.352156821894597,0
-0.400637533515687,0.368569852379163,0
-0.401007449484584,0.383811020768467,0
-0.401105666068716,0.397876525225508,0
-0.400912636823575,0.41078864969417,0
-0.400405608978924,0.422578845534264,0
-0.399565441590257,0.433273952853745,0
-0.398376893776918,0.44289548002322,0
-0.396824271667535,0.451468303142614,0
-0.394888457826523,0.459026737572982,0
-0.392548938574126,0.465610645782201,0
-0.389788489405083,0.471256164562589,0
-0.386595167886014,0.475991736228637,0
-0.382959336472626,0.479844033840683,0
-0.378869221702948,0.482846777360567,0
-0.374310713897386,0.485040993386663,0
-0.369273085422591,0.486463338325369,0
-0.363755960773967,0.487131888949912,0
-0.357770805763937,0.487043023523913,0
-0.351334881425646,0.486183635750275,0
-0.344462583021879,0.484548829303597,0
-0.337161389513901,0.482150473587522,0
-0.329435006997497,0.479011244759219,0
-0.321289526204438,0.475152407721995,0
-0.312736382264247,0.470587811093162,0
-0.303790299680213,0.465327850826451,0
-0.294466167305946,0.459385591179652,0
-0.284779689581999,0.452775344623335,0
-0.274751929352575,0.445503446930052,0
-0.264412806938405,0.437561109434319,0
-0.25379886565015,0.428928779304125,0
-0.242946140249357,0.419590347932004,0
-0.231884144984483,0.409545092378811,0
-0.220636383663829,0.398806413814129,0
-0.209226717953661,0.38738864185153,0
-0.197685321250633,0.375294545913428,0
-0.186048382974408,0.362515427183515,0
-0.174351786994966,0.349043510910573,0
-0.162624572791978,0.334885033431265,0
-0.15088755095294,0.32006315333149,0
-0.139156734719362,0.304611210201176,0
-0.127446470225156,0.2885664876558,0
-0.115768331578363,0.271972376419454,0
-0.104127441582195,0.254885629224325,0
-0.0925215766684694,0.237377972636005,0
-0.0809459915941343,0.219526178278954,0
-0.0694007898474017,0.20139695507961,0
-0.0578943925469632,0.183039686218118,0
-0.0464398348835943,0.164493668218695,0
-0.0350472442947116,0.145803158589625,0
-0.0237193869671502,0.127026329737268,0
-0.0124541064481242,0.108230316184047,0
-0.00125091207486896,0.0894777227885227,0
0.00988458614403452,0.0708173208957061,0
0.0209419480975624,0.0522861879409081,0
0.0319103779471015,0.033918423512939,0
0.0427809456427493,0.0157495676456987,0
0.0535442120039223,-0.00218806114085089,0
0.0641865360769297,-0.0198725605865328,0
0.0746902476747679,-0.0372918518883246,0
0.0850387413617487,-0.054433160140914,0
0.0952218154155664,-0.0712720173322068,0
0.105235467965535,-0.0877724819097033,0
0.115075430670094,-0.103900109744098,0
0.124729841847422,-0.119636809342826,0
0.134177466581873,-0.134984608797064,0
0.143392675985586,-0.149955736365592,0
0.152352265950952,-0.164558836993903,0
0.161038098502422,-0.178793481409967,0
0.169434270260225,-0.192655719747724,0
0.177523024934756,-0.206146322877926,0
0.185284347203617,-0.219271782971274,0
0.19269962711644,-0.232037200247594,0
0.199754991587427,-0.244439808625263,0
0.206440116929987,-0.256471522331641,0
0.212743437999041,-0.268128642856446,0
0.218649229634304,-0.279417738405163,0
0.224140842470983,-0.290349016092237,0
0.229208375278203,-0.300920640683253,0
0.233854294003388,-0.311107105290198,0
0.238092047811646,-0.320861754917593,0
0.241939129400249,-0.330130689864887,0
0.245410864095696,-0.338865433454324,0
0.248519776305899,-0.347024500047053,0
0.251279447588218,-0.35456587964853,0
0.253707563760963,-0.361441021293585,0
0.255824436164288,-0.367597817263154,0
0.257648662582691,-0.372989335476974,0
0.259194875079231,-0.377578428801728,0
0.260476235847634,-0.381332859279347,0
0.26150892572666,-0.384216449636005,0
0.262313172532728,-0.386187219175988,0
0.262908520211759,-0.387207145984821,0
0.263307047472953,-0.387256084488896,0
0.26351089236509,-0.386336967528211,0
0.263516741620101,-0.384466818482411,0
0.263323431767928,-0.381661254789076,0
0.26293601769574,-0.377925912621416,0
0.262363344499023,-0.373260927264506,0
0.261612412574425,-0.367672014235262,0
0.260685262317991,-0.36117667798278,0
0.259580546166953,-0.353801108817008,0
0.258296537971146,-0.345574191489036,0
0.256830915644739,-0.336527950922812,0
0.255176621129565,-0.326705849318734,0
0.25331804509239,-0.316170416920221,0
0.251232266069485,-0.305000691321867,0
0.248895343939232,-0.293279437187865,0
0.2462884781542,-0.281080602222043,0
0.243398604420349,-0.268468005816329,0
0.24021321793085,-0.255505779971394,0
0.236714785839221,-0.242269772764362,0
0.232880473113998,-0.228848284043183,0
0.228687677017193,-0.21533096516818,0
0.22412037280347,-0.201795838297036,0
0.219171031793327,-0.188305017605058,0
0.213837859115381,-0.174909783985254,0
0.208121845190637,-0.161656105238799,0
0.20202761782496,-0.148582627600634,0
0.195567094879241,-0.135713126754883,0
0.188761082017328,-0.123053161441551,0
0.181635576736316,-0.110597459388619,0
0.174215043571649,-0.0983434826748323,0
0.166518540423571,-0.086299303137299,0
0.158562354107803,-0.0744783221279453,0
0.150366792058987,-0.0628854983403008,0
0.141960885611137,-0.0515076792617753,0
0.133380847743953,-0.0403165323793608,0
0.124664090497453,-0.0292805771635443,0
0.115844519462074,-0.0183748339142285,0
0.106952892100557,-0.00758036213820271,0
0.0980205010486453,0.00312296233578146,0
0.089081156998735,0.0137604336553891,0
0.0801688263990909,0.0243579039664405,0
0.0713135303383046,0.0349337726369919,0
0.0625404306834123,0.0454974209733354,0
0.0538737007017373,0.0560572906598645,0
0.0453413047526759,0.0666307993640782,0
0.0369751663444557,0.0772448995736932,0
0.0288053258366421,0.087924376996095,0
0.0208525541557432,0.0986768589145702,0
0.0131255466381546,0.109486930473247,0
0.00562459311961926,0.120323343534641,0
-0.00165222643450002,0.131151462664005,0
-0.00870605388778852,0.141939407582773,0
-0.0155393604264734,0.152653938696729,0
-0.0221597511899976,0.163252823496648,0
-0.0285807121895835,0.173683198507714,0
-0.0348183631489544,0.183887899365586,0
-0.0408879870315536,0.19381224809088,0
-0.0468045263375609,0.203402914272819,0
-0.0525867646029207,0.212599416794701,0
-0.0582603318160742,0.221328058904704,0
-0.0638551002822746,0.229507274307658,0
-0.069397859325772,0.237062623272908,0
-0.0749060224502137,0.243939822682472,0
-0.0803874426767753,0.250105458283344,0
-0.0858458108816633,0.25553628488941,0
-0.0912861882409776,0.260208007058848,0
-0.0967158066027156,0.264093453549896,0
-0.102140386386752,0.267169764121229,0
-0.107560581591659,0.269425452739776,0
-0.112972360305473,0.270859656974599,0
-0.1183704047523,0.271475342750849,0
-0.123750109332148,0.271275292990273,0
-0.12910527261625,0.270266716959883,0
-0.134423533001668,0.268470377965169,0
-0.139684651697055,0.265923966280857,0
-0.144864391638557,0.262674153186327,0
-0.149941125970536,0.258763087297566,0
-0.154899201298548,0.254221431399057,0
-0.159725870412719,0.249074479061709,0
-0.164404650305159,0.243355698846612,0
-0.168911196583975,0.237115409613777,0
-0.173215063239459,0.230417650726472,0
-0.177285001787239,0.223329799587402,0
-0.181092619153508,0.215915287475745,0
-0.184611889780098,0.208234513422949,0
-0.187816990981723,0.20034908572219,0
-0.190682789861786,0.19232074420773,0
-0.193189124154022,0.184202662616054,0
-0.195325298381141,0.176030319586385,0
-0.197090132861344,0.167821343147649,0
-0.198486868638233,0.159585769135963,0
-0.199517350593805,0.151337810597136,0
-0.200180884009082,0.143098189919118,0
-0.200478787005501,0.134884879147252,0
-0.200420164607912,0.126701215172854,0
-0.200023326147789,0.118532714402743,0
-0.199311609381342,0.110355243204442,0
-0.19830768476015,0.102146462033532,0
-0.197031311517255,0.0938905255119426,0
-0.19550135508405,0.0855742870744799,0
-0.193738301219456,0.0771824566679998,0
-0.19176340520491,0.0686994275727066,0
-0.189594922680945,0.0601168840440022,0
-0.187245749054278,0.0514384962223863,0
-0.184725900382312,0.0426747742140658,0
-0.182048365473026,0.0338310301191898,0
-0.179233014773727,0.0248991868296876,0
-0.176304569131892,0.0158615921680679,0
-0.17328600276513,0.00670416114643523,0
-0.170192932148236,-0.00257232668760872,0
-0.167033410519521,-0.0119518004734545,0
-0.16381228437544,-0.0214117755225357,0
-0.160535170561752,-0.0309316444217163,0
-0.157208199175179,-0.0404925398035906,0
-0.153834562778174,-0.0500707180731825,0
-0.150412317074963,-0.0596333129207555,0
-0.146936210458545,-0.0691420390994754,0
-0.143401520385824,-0.0785608375194446,0
-0.139805298759089,-0.0878582392833068,0
-0.136143029076679,-0.0970004462939182,0
-0.132403805821435,-0.105941403258007,0
-0.128569301807734,-0.1146205372172,0
-0.124618544751747,-0.122972336057255,0
-0.120535033625731,-0.130940829490955,0
-0.116310478410395,-0.138487392688727,0
-0.111942660143116,-0.145586679087945,0
-0.10743033805342,-0.152216444436074,0
-0.102770420368451,-0.158351760039967,0
-0.0979596932434657,-0.163968343211618,0
-0.092998488092488,-0.169049858612476,0
-0.0878918971181504,-0.173590401343448,0
-0.0826472474468112,-0.177589520890035,0
-0.077271040272566,-0.181046170243021,0
-0.0717694583314678,-0.183959800320895,0
-0.0661526961076726,-0.186339117671217,0
-0.0604388349087693,-0.188209874899054,0
-0.0546527353716454,-0.18961252857822,0
-0.0488200085458564,-0.190589831767209,0
-0.0429609517252851,-0.191174224481807,0
-0.0370894684594823,-0.191385253928171,0
-0.0312172807355006,-0.191237816615496,0
-0.0253589570686711,-0.190752280020492,0
-0.0195330758841903,-0.189957009573846,0
-0.0137591639198945,-0.188882417757493,0
-0.00805425883302258,-0.187554176879208,0
-0.0024328235455549,-0.185993067682947,0
0.0030903856706493,-0.18422074149881,0
0.00849843999028714,-0.18226350439948,0
0.0137744160934862,-0.18014796365191,0
0.0189062073341022,-0.177891384634745,0
0.0238892417550454,-0.175496287407784,0
0.0287239752253408,-0.172955628574134,0
0.0334101511828257,-0.170264588256957,0
0.0379432346061235,-0.167428011568387,0
0.0423165215571048,-0.164456318106907,0
0.0465270314581132,-0.161353587658615,0
0.050579820168778,-0.158108618876969,0
0.0544872064488174,-0.154696147275302,0
0.0582644803273359,-0.151085255398628,0
0.061926638100412,-0.147245890259368,0
0.0654887741611157,-0.143148175896914,0
0.0689682392657774,-0.138758230252125,0
0.0723845319662745,-0.134038544223231,0
0.0757554006866664,-0.12895598124118,0
0.0790920986769137,-0.12349147070051,0
0.082398330521608,-0.117642229252359,0
0.0856742112475948,-0.111413797865058,0
0.0889216551781377,-0.10480910189346,0
0.0921460356219694,-0.0978250007771475,0
0.0953524875640506,-0.0904597209594502,0
0.0985404140403791,-0.0827240634805505,0
0.101701385302027,-0.0746458636656292,0
0.104822117937319,-0.0662641563993439,0
0.107889262749908,-0.0576194984759623,0
0.110891409975567,-0.0487496795650247,0
0.113817171036821,-0.0396932246922202,0
0.116652521272369,-0.0304943880183578,0
0.119381158244389,-0.0212021476014774,0
0.121987930062544,-0.0118630940749818,0
0.124461537712465,-0.00251584982914412,0
0.126792956369896,0.00680579605362321,0
0.128970291289392,0.0160624461565173,0
0.130974711950948,0.0252007484778695,0
0.132781574941368,0.0341555233533395,0
0.134366183437877,0.0428613677152963,0
0.135709402029502,0.0512641214045024,0
0.136798735378459,0.0593232521177716,0
0.137625041040803,0.0670053507984455,0
0.138179127573582,0.0742772226046939,0
0.138452011483971,0.0811062286485395,0
0.138438290783693,0.0874669013979681,0
0.138138651554649,0.0933459241767625,0
0.137558621807142,0.0987396740668581,0
0.136705033470328,0.103647234095931,0
0.135584433499232,0.108067383042726,0
0.134205771962813,0.112004249344576,0
0.132585018869618,0.115476886850639,0
0.130746862810248,0.118522939025217,0
0.128721063444968,0.121191389662555,0
0.12653604216644,0.123529538257162,0
0.124214902550564,0.125574707438624,0
0.121776690965074,0.127356492943264,0
0.119240752518205,0.12890538004778,0
0.116629439708038,0.130258209495322,0
0.113966643832405,0.131455312906336,0
0.111274167102293,0.132533261211555,0
0.108570034626165,0.133521421530252,0
0.10587035079702,0.134445579261942,0
0.10319203938262,0.13533332486829,0
0.100552505637743,0.136213255689643,0
0.0979654829299322,0.13710650422366,0
0.0954367046827136,0.138017939133625,0
0.0929638239386855,0.138936007882266,0
0.0905411492774449,0.139842437686466,0
0.0881651178527487,0.140723576528472,0
0.0858357063392931,0.141573593802536,0
0.0835529022028279,0.142387606821465,0
0.0813119530848489,0.143152120379523,0
0.0791018579437703,0.143841803254543,0
0.0769079425193524,0.144424435165191,0
0.0747152587339552,0.144867576593135,0
0.0725091483082698,0.145139633935682,0
0.0702728687599656,0.145205065942406,0
0.0679857555850506,0.145020683769109,0
0.0656250791852226,0.144539393403805,0
0.0631707585495016,0.14371970819276,0
0.0606086732525102,0.142532431744235,0
0.0579292652147674,0.140957793899809,0
0.0551227137699073,0.138975580193552,0
0.0521755268891593,0.136558047984899,0
0.049072185810389,0.133673088593207,0
0.0458006740137859,0.130295398607805,0
0.0423571347248141,0.126416109275553,0
0.0387460620731818,0.122043521163866,0
0.0349769279814427,0.11719659278675,0
0.0310612785375869,0.111899210708485,0
0.0270130530058224,0.106180795990179,0
0.0228508032383677,0.100080652074935,0
0.0185980972035879,0.0936486335141171,0
0.0142802705539837,0.0869384450549041,0
0.00991985176534696,0.0799982653453606,0
0.00553495512594045,0.072867376011739,0
0.00114238808949146,0.0655823895717971,0
-0.00323740165774358,0.0581872890258922,0
-0.00757842441623726,0.0507373873220726,0
-0.0118523433772993,0.0432929360367629,0
-0.0160339449080643,0.0359079962355416,0
-0.0201040156676307,0.0286244063264194,0
-0.0240475611651068,0.0214751624088674,0
-0.0278499198968142,0.0144921926404336,0
-0.0314950356568394,0.00770997673911685,0
-0.0349673741963935,0.00116194906602149,0
-0.0382548730192061,-0.00512517639158966,0
-0.0413493433109215,-0.0111319931364245,0
-0.0442438175780519,-0.0168409029355035,0
-0.0469301004936464,-0.0222310905954496,0
-0.0494000675804783,-0.0272811475416744,0
-0.0516505827805222,-0.0319791226783456,0
-0.0536879636326726,-0.0363317660505226,0
-0.0555278333649451,-0.0403644756594153,0
-0.0571902365959878,-0.0441115747122434,0
-0.0586941454115655,-0.047605190731686,0
-0.0600557250183524,-0.0508716213608622,0
-0.0612907974693102,-0.0539362147235381,0
-0.0624178893359938,-0.0568295776776476,0
-0.0634581599337918,-0.0595876281528478,0
-0.064432249424146,-0.0622454643207531,0
-0.0653575221985249,-0.0648319544844369,0
-0.0662486219033018,-0.0673708972924256,0
-0.0671203916478664,-0.069886871575944,0
-0.0679893179278153,-0.0724080559267486,0
-0.0688709655374562,-0.0749609093019774,0
-0.0697751209196151,-0.0775601731228176,0
-0.07070311908801,-0.0802032770926319,0
-0.0716501268339004,-0.0828748542933468,0
-0.0726105764314162,-0.0855578091234585,0
-0.0735820227026272,-0.0882413868045532,0
-0.0745643206376496,-0.0909198545406902,0
-0.0755555255501285,-0.0935844673713991,0
-0.076548789985443,-0.0962172712952074,0
-0.0775330039071202,-0.0987923373953633,0
-0.0784957801133552,-0.101281720548905,0
-0.0794250622030497,-0.103658709467446,0
-0.0803075400838419,-0.105894701548396,0
-0.0811260288455662,-0.107954002678171,0
-0.081859577269079,-0.109794120547785,0
-0.0824874193586075,-0.111373806494394,0
-0.082993693801882,-0.112662639976062,0
-0.083368612179361,-0.113643390553527,0
-0.0836049347335457,-0.114304773251412,0
-0.0836930806292356,-0.114631281339205,0
-0.0836194703262274,-0.114599455350208,0
-0.0833695332972058,-0.114183639097648,0
-0.0829324338938583,-0.113365402293969,0
-0.0823033043291977,-0.112138136713808,0
