0.0226726678480053,0.0226726678480053,0.0226726678480053
0.0226726678480053,0.0226726678480053,0.0226726678480053
0.0226726678795727,0.0226726678795662,0.0226726678795793
0.0226726680963024,0.0226726680962276,0.0226726680963773
0.0226726688589891,0.0226726688585545,0.0226726688594241
0.0226726707730469,0.0226726707713069,0.0226726707747885
0.0226726747299917,0.0226726747245213,0.0226726747354684
0.022672681968364,0.0226726819538439,0.0226726819829049
0.0226726941145604,0.0226726940805432,0.0226726941486371
0.0226727131750805,0.0226727131026889,0.022672713247624
0.0226727414852326,0.0226727413425499,0.0226727416282704
0.0226727816543191,0.0226727813902545,0.0226727819191543
0.0226728365556907,0.0226728360921249,0.0226728370208277
0.0226729093832536,0.022672908605266,0.0226729101642787
0.0226730037569058,0.0226730025008521,0.0226730050185666
0.022673123840636,0.0226731218797913,0.0226731258114218
0.022673274448969,0.0226732714763857,0.0226732774385613
0.0226734611404573,0.0226734567486258,0.0226734655604863
0.0226736903054159,0.0226736839622591,0.0226736966940184
0.0226739692451635,0.0226739602658521,0.0226739782958906
0.022674306230438,0.02267429374448,0.0226743188260938
0.0226747105346577,0.0226746934477041,0.0226747277866744
0.0226751924584044,0.0226751694082098,0.0226752157523666
0.0226757633726111,0.0226757326785803,0.0226757944205562
0.0226764357934773,0.0226763953992039,0.0226764766936357
0.0226772234702232,0.0226771708783714,0.0226772767749229
0.0226781414441444,0.0226780736429619,0.0226782102366797
0.0226792060455276,0.0226791194262279,0.0226792940268528
0.0226804348294345,0.0226803250936734,0.0226805464155649
0.0226818464843743,0.022681708541086,0.0226819869153555
0.0226834607533397,0.0226832886042704,0.0226836362145812
0.0226852983845225,0.0226850849978985,0.0226855161412125
0.0226873811039273,0.0226871182757862,0.0226876496491657
0.022689731596721,0.0226894097995179,0.0226900608139439
0.0226923734958099,0.0226919817139708,0.022692774836032
0.0226953313826978,0.0226948569348314,0.0226958180570794
0.0226986307935149,0.0226980591410118,0.0226992179817589
0.0227022982042255,0.0227016127459832,0.0227030032793176
0.0227063609677004,0.0227055428207398,0.022707203737496
0.0227108471999522,0.0227098749657591,0.022711850166064
0.0227157856447272,0.0227146351612623,0.0227169742790741
0.0227212055566069,0.0227198496360648,0.0227226085958692
0.0227271366222304,0.0227255447747492,0.0227287863803455
0.0227336089042152,0.0227317470478319,0.0227355416029808
0.0227406527718195,0.0227384829290076,0.0227429088896375
0.0227482987915227,0.0227457787726776,0.0227509234303093
0.0227565775783717,0.0227536606526372,0.0227596208486428
0.0227655196294584,0.0227621541833528,0.0227690370535497
0.0227751551591985,0.0227712843436006,0.0227792080924916
0.0227855139416009,0.0227810753078033,0.0227901700114901
0.022796625159128,0.0227915502848393,0.022801958721301
0.0228085172691731,0.0228027313755439,0.0228146098805966
0.0228212179116489,0.0228146394725729,0.02282815881948
0.0228347538729101,0.0228272942179828,0.0228426405184315
0.0228491510916343,0.0228407140042155,0.0228580896282518
0.0228644346662448,0.0228549159780677,0.0228745404905908
0.0228806288265589,0.0228699160102984,0.0228920271217763
0.0228977568640084,0.0228857286252044,0.0229105831543019
0.0229158410482671,0.0229023669180273,0.022930241763778
0.0229349025664026,0.0229198424963774,0.0229510356173869
0.0229549615008203,0.022938165462018,0.0229729968600242
0.0229760368352864,0.0229573444223512,0.0229961571273504
0.0229981464674874,0.0229773865100632,0.0230205475641915
0.0230213072163504,0.0229982973991079,0.0230461988365447
0.023045534826973,0.0230200813197901,0.0230731411401062
0.0230708439776746,0.0230427410773503,0.0231014042099164
0.0230972482819929,0.0230662780667752,0.0231310173240281
0.0231247602711926,0.0230906922693293,0.0231620092868041
0.0231533913557535,0.0231159822292703,0.0231944083902933
0.0231831517906467,0.0231421450356094,0.0232282423784085
0.0232140506831625,0.0231691763477771,0.0232635384525455
0.023246096065128,0.0231970704870998,0.023300323340377
0.0232792950139823,0.0232258205785598,0.0233386234122546
0.0233136537805312,0.0232554187005641,0.0233784648030987
0.0233491778866611,0.0232858560058403,0.0234198735031773
0.0233858721852615,0.0233171228055254,0.0234628754101682
0.0234237408992894,0.0233492086332203,0.0235074963595551
0.0234627876586658,0.023382102307588,0.0235537621521161
0.0235030155387701,0.0234157919971877,0.0236016985822999
0.0235444270931913,0.023450265280161,0.0236513314601468
0.0235870243779048,0.0234855091958953,0.0237026866239201
0.0236308089759961,0.0235215102977254,0.0237557899525829
0.0236757820334843,0.0235582547171175,0.0238106673887348
0.0237219443004604,0.0235957282333916,0.0238673449663347
0.0237692961512292,0.0236339163224674,0.0239258488170534
0.0238178375551986,0.0236728041561842,0.0239862051271421
0.0238675679951862,0.0237123765487437,0.0240484400415646
0.0239184863636518,0.0237526178807654,0.0241125795458706
0.0239705908807531,0.023793512044937,0.0241786493695765
0.0240238790589793,0.0238350424381444,0.0242466749356386
0.0240783477051871,0.0238771919910096,0.0243166813466923
0.0241339929317101,0.0239199432065422,0.0243886933796537
0.0241908101557474,0.0239632781870655,0.0244627354678939
0.024248794085376,0.0240071786476537,0.0245388316693953
0.0243079386985932,0.0240516259223561,0.0246170056273867
0.024368237213427,0.0240966009611171,0.0246972805215852
0.0244296820376747,0.0241420843058612,0.0247796789986561
0.0244922646927864,0.0241880560402305,0.0248642230764018
0.0245559757260688,0.0242344957271774,0.0249509340357882
0.0246208046395419,0.0242813823628144,0.0250398323290418
0.0246867398551938,0.0243286943663069,0.0251309375234895
0.024753768708201,0.0243764095973445,0.025224268272704
0.0248218774349135,0.0244245053678726,0.0253198422818465
0.0248910511236659,0.0244729584159753,0.0254176762354067
0.0249612736242219,0.0245217448375674,0.025517785683265
0.0250325274424082,0.0245708400023968,0.0256201849116696
0.0251047936547335,0.0246202184892005,0.0257248868338444
0.0251780518604395,0.0246698540576025,0.0258319029175199
0.0252522801663823,0.0247197196523241,0.0259412431445926
0.0253274551946295,0.0247697874297469,0.0260529159926263
0.0254035521128592,0.024820028807017,0.0261669284381702
0.0254805446941417,0.0248704145402828,0.0262832859884469
0.0255584054019279,0.0249209148278115,0.0264019927373023
0.0256371054771606,0.0249714994147463,0.0265230514224787
0.0257166149993399,0.0250221376711555,0.0266464634562102
0.0257969029124277,0.025072798634127,0.0267722289201505
0.0258779370359795,0.0251234510342512,0.0269003465450567
0.0259596840964278,0.0251740633414582,0.0270308137101116
0.0260421097997874,0.0252246038515429,0.0271636264830853
0.0261251789365624,0.0252750408041704,0.0272987796921048
0.0262088554880459,0.0253253425014682,0.0274362669983053
0.0262931027073854,0.0253754774004033,0.0275760809429119
0.0263778831718228,0.0254254141751465,0.0277182129653734
0.0264631588214983,0.0254751217646248,0.0278626534081227
0.0265488909995506,0.0255245694198875,0.0280093915228139
0.02663504049502,0.0255737267527745,0.0281584154795687
0.0267215675844078,0.025622563781816,0.02830971237502
0.0268084320785818,0.0256710509822023,0.0284632682457119
0.0268955933953745,0.0257191593603388,0.0286190681070525
0.0269830106738114,0.025766860569043,0.0287770960336568
0.0270706429204882,0.0258141270539095,0.0289373352716175
0.0271584491530597,0.0258609321956793,0.0290997683478152
0.0272463885042951,0.0259072504118499,0.0292643771399633
0.0273344202755706,0.0259530572061873,0.0294311428964987
0.0274225039596466,0.0259983291858495,0.0296000462263276
0.0275105992640626,0.026043044077434,0.0297710670898118
0.0275986661523301,0.026087180759183,0.0299441848081541
0.0276866648965498,0.0261307193030441,0.030119378084776
0.0277745561237711,0.0261736410089311,0.0302966250210131
0.0278623008460628,0.0262159284211147,0.0304759031161786
0.0279498604779791,0.026257565330322,0.0306571892558244
0.0280371968474363,0.026298536767414,0.0308404596944018
0.0281242721946681,0.0263388289831631,0.0310256900271821
0.0282110491450093,0.0263784293997866,0.0312128551373249
0.0282974906510948,0.0264173265298478,0.0314019291137073
0.0283835599246285,0.0264555098828461,0.0315928851595571
0.0284692203937985,0.0264929698958574,0.0317856955277383
0.0285544357107881,0.026529697912984,0.0319803315068908
0.0286391698014202,0.0265656862058891,0.0321767634502915
0.0287233869229186,0.0266009280014854,0.0323749608133977
0.0288070516970129,0.0266354174839622,0.0325748921674106
0.0288901291094427,0.0266691497620916,0.0327765251800958
0.0289725844898673,0.0267021208157257,0.0329798265780287
0.0290543834901208,0.0267343274393991,0.0331847621083005
0.0291354920666024,0.0267657671888853,0.0333912965054835
0.0292158764618702,0.0267964383259055,0.0335993934588683
0.0292955031835851,0.026826339759302,0.0338090155780268
0.0293743389904422,0.0268554709924743,0.0340201243662527
0.0294523508979388,0.0268838320900294,0.0342326802147006
0.0295295062026951,0.026911423662371,0.0344466424160073
0.0296057725032481,0.0269382468460634,0.0346619691754737
0.0296811176896915,0.026964303252227,0.0348786175923693
0.02975550989468,0.0269895948754362,0.0350965436039981
0.0298289174296879,0.027014123987118,0.0353157019163848
0.0299013087456261,0.0270378930528269,0.0355360459604892
0.0299726524425267,0.0270609046984799,0.0357575278983642
0.0300429173229288,0.0270831617205488,0.0359800986736075
0.0301120724644485,0.0271046671159583,0.0362037080814053
0.0301800872913692,0.027125424111656,0.0364283048379558
0.0302469316413831,0.0271454361899893,0.0366538366454714
0.0303125758316539,0.0271647071139868,0.0368802502570811
0.0303769907216402,0.02718324094988,0.0371074915392439
0.0304401477608822,0.0272010420749908,0.0373355055200222
0.0305020190138579,0.0272181151630931,0.037564236415384
0.0305625771717926,0.0272344651572367,0.0377936276433824
0.0306217955766049,0.0272500972553966,0.0380236218512755
0.0306796482774122,0.0272650169295472,0.0382541609758993
0.03073611011501,0.0272792299736523,0.0384851863326856
0.0307911568044735,0.027292742550652,0.0387166387036005
0.030844764983296,0.0273055612056805,0.0389484583916453
0.0308969122157668,0.0273176928360284,0.0391805852328635
0.0309475769733856,0.0273291446375527,0.0394129585857832
0.0309967386213911,0.0273399240576766,0.0396455173283567
0.0310443774279129,0.0273500387716898,0.0398781998787453
0.0310904745926195,0.0273594966795038,0.0401109442365849
0.0311350122859251,0.0273683059142082,0.040343688035552
0.0311779736985659,0.0273764748624646,0.0405763686068602
0.0312193431078161,0.0273840122031154,0.0408089230598836
0.0312591059576247,0.0273909269612549,0.041041288377256
0.0312972489321499,0.027397228557072,0.0412734015041201
0.0313337599952863,0.0274029268218243,0.0415051994043784
0.0313686283842539,0.0274080319688204,0.0417366190722237
0.0314018445731866,0.0274125545352863,0.0419675975149704
0.0314334002397629,0.0274165053282398,0.0421980717401543
0.0314632882591993,0.0274198953988586,0.0424279787710759
0.0314915027226653,0.0274227360425252,0.0426572556877257
0.0315180389547144,0.0274250387991512,0.042885839667686
0.0315428935047604,0.0274268154286874,0.0431136680021645
0.0315660641072338,0.0274280778562527,0.0433406780819893
0.0315875496231388,0.0274288380994178,0.0435668073664695
0.0316073499764786,0.0274291081909973,0.0437919933486844
0.0316254660874696,0.02742890009929,0.0440161735191041
0.0316418997991372,0.0274282256425033,0.044239285323969
0.0316566538040415,0.0274270964043871,0.0444612661248991
0.031669731591824,0.0274255236721002,0.044682053180077
0.0316811374361962,0.0274235184152312,0.0449015836653205
0.0316908764173224,0.0274210913020768,0.0451197947308275
0.0316989544499611,0.0274182527235013,0.0453366235639911
0.0317053782823559,0.0274150127891566,0.0455520074234554
0.0317101554514085,0.0274113812813535,0.045765883630168
0.031713294209012,0.0274073675812953,0.0459781895304414
0.031714803448824,0.0274029805969392,0.0461888624602838
0.0317146926532245,0.0273982287123405,0.046397839730603
0.0317129718590789,0.027393119757256,0.0466050586317101
0.0317096516286093,0.0273876609834272,0.0468104564432741
0.0317047430167917,0.0273818590389935,0.0470139704410711
0.0316982575387677,0.0273757199444564,0.0472155379040432
0.0316902071429182,0.0273692490756871,0.0474150961274167
0.0316806041838897,0.0273624511480726,0.0476125824363184
0.031669461379722,0.0273553301857774,0.0478079341841534
0.0316567917449157,0.0273478894679059,0.0480010887275798
0.0316426085147803,0.0273401314670378,0.0481919833932358
0.031626925094292,0.0273320578136674,0.0483805554690935
0.0316097550575591,0.0273236693130113,0.0485667422461172
0.0315911121953285,0.027314966011901,0.0487504811073276
0.0315710105815257,0.0273059472868386,0.0489317096351215
0.0315494646265682,0.027296611920829,0.0491103657046568
0.0315264891041458,0.0272869581554195,0.0492863875501939
0.0315020991596986,0.0272769837258923,0.0494597138128404
0.0314763103150532,0.0272666858938501,0.0496302835843101
0.0314491384744916,0.0272560614823451,0.0497980364520171
0.03142059992781,0.0272451069090863,0.0499629125410125
0.031390711348426,0.0272338182158227,0.050124852550704
0.0313594897960761,0.0272221911035063,0.0502837977957636
0.0313269527383467,0.0272102209874806,0.0504396902653846
0.0312931180926064,0.0271979030741426,0.0505924727024943
0.0312580042682824,0.0271852324387515,0.0507420886830477
0.0312216301802559,0.027172204074802,0.0508884826664461
0.0311840152200227,0.0271588129012951,0.0510316000039479
0.0311451792009826,0.0271450537441308,0.0511713869214867
0.0311051423121449,0.0271309213259936,0.0513077905110092
0.0310639251056153,0.0271164102903439,0.0514407587553715
0.0310215485174626,0.027101515259391,0.0515702405860314
0.0309780339026314,0.0270862309068912,0.0516961859539509
0.0309334030658354,0.0270705520277212,0.0518185458955493
0.0308876782837149,0.0270544735993573,0.0519372725890646
0.0308408823211461,0.0270379908378776,0.052052319404399
0.0307930384388982,0.0270210992453483,0.0521636409438927
0.0307441703805712,0.0270037946362101,0.0522711930621918
0.030694302329029,0.026986073132654,0.0523749328555619
0.0306434588394326,0.0269679311360198,0.052474818627739
0.0305916647734103,0.026949365298826,0.0525708098567036
0.030538945258605,0.0269303725217919,0.0526628671864168
0.0304853256761922,0.0269109499784866,0.0527509524459918
0.0304308316530194,0.0268910951441255,0.0528350286730088
0.0303754890277329,0.0268708057975856,0.0529150601105481
0.030319323778263,0.0268500799836713,0.0529910121655787
0.0302623619247181,0.0268289159494341,0.0530628513429158
0.0302046294337205,0.02680731208052,0.0531305451807697
0.0301461521405639,0.0267852668540598,0.0531940622040584
0.0300869556887989,0.0267627788079715,0.0532533718947673
0.0300270654813283,0.0267398465210707,0.0533084446730717
0.0299665066449586,0.0267164686062036,0.0533592518908486
0.0299053040170663,0.02669264372522,0.0534057658460349
0.0298434821554977,0.0266683706268851,0.0534479598189239
0.0297810653551509,0.026643648190976,0.0534858081140065
0.029718077644711,0.0266184754517126,0.0535192860811023
0.0296545427477682,0.0265928515844441,0.0535483701002727
0.0295904840181128,0.0265667758652253,0.0535730375404216
0.0295259243785753,0.0265402476326967,0.0535932667208693
0.0294608862895264,0.0265132662785712,0.0536090369017873
0.0293953917500557,0.026485831269938,0.0536203283062905
0.0293294623123975,0.0264579421840248,0.0536271221546522
0.0292631190870805,0.0264295987328017,0.053629400688184
0.0291963827318538,0.0264008007702679,0.0536271471760151
0.0291292734335743,0.0263715482913662,0.0536203459141673
0.0290618108933167,0.0263418414326092,0.0536089822273357
0.0289940143142592,0.026311680473913,0.053593042472962
0.0289259023863,0.0262810658356957,0.0535725140414374
0.0288574932707358,0.0262499980748345,0.0535473853554928
0.0287888046031223,0.0262184778979729,0.0535176458865219
0.0287198535338931,0.026186506212126,0.0534832862070487
0.0286506568076311,0.0261540842136982,0.0534442980800213
0.0285812308569618,0.0261212134918544,0.0534006745609331
0.0285115918775611,0.026087896112482,0.0533524100795289
0.0284417558654118,0.0260541346635161,0.0532995004825919
0.0283717386237361,0.026019932268757,0.0532419430455416
0.0283015557632367,0.0259852925936841,0.0531797364766039
0.0282312227141522,0.0259502198618184,0.0531128809320212
0.0281607547507341,0.0259147188823807,0.0530413780427799
0.0280901670167965,0.0258787950780319,0.0529652309413842
0.0280194745448441,0.025842454505261,0.0528844442811401
0.027948692272635,0.0258057038712274,0.0527990242518686
0.0278778350636403,0.0257685505533605,0.0527089785986861
0.0278069177267605,0.0257310026168368,0.0526143166394655
0.0277359550189045,0.0256930688132915,0.0525150492648445
0.0276649616184326,0.0256547585486274,0.0524111889089385
0.0275939520785447,0.0256160818290752,0.052302749499788
0.0275229407888937,0.0255770492140902,0.0521897464175454
0.0274519419717022,0.0255376718028033,0.0520721964862782
0.0273809697154267,0.0254979612574675,0.0519501180020778
0.0273100380241089,0.0254579298422375,0.0518235307754645
0.0272391608541152,0.02541759044893,0.0516924561598853
0.027168352124262,0.0253769565955248,0.0515569170525861
0.0270976257046905,0.0253360424024706,0.051416937873558
0.0270269953971715,0.0252948625592374,0.0512725445355165
0.0269564749122635,0.0252534322864139,0.0511237644105003
0.0268860778394391,0.0252117672894749,0.0509706262892308
0.0268158176079577,0.0251698837021267,0.0508131603309323
0.0267457074478315,0.0251277980287705,0.0506513980128063
0.0266757603671096,0.0250855271024918,0.0504853720952579
0.0266059891519424,0.0250430880651023,0.0503151166093202
0.0265364063751171,0.0250004983548116,0.0501406668521258
0.0264670243867831,0.0249577756750031,0.0499620593644399
0.0263978552719024,0.0249149379284002,0.0497793318750781
0.0263289107849925,0.0248720031271148,0.0495925232229018
0.0262602022912329,0.0248289893078304,0.0494016732853318
0.0261917407383953,0.0247859144769837,0.0492068229374971
0.0261235366626576,0.0247427965894917,0.0490080140446608
0.0260556002135263,0.0246996535466623,0.0488052894728034
0.0259879411823095,0.0246565031979737,0.0485986931016411
0.0259205690297535,0.0246133633423863,0.0483882698357143
0.025853492915989,0.0245702517322164,0.0481740656168751
0.0257867217313009,0.0245271860778706,0.0479561274369715
0.0257202641165819,0.0244841840420572,0.0477345033398879
0.0256541284619813,0.0244412632118323,0.0475092424016699
0.0255883228865407,0.0243984410512803,0.0472803946915722
0.025522855219322,0.0243557348555378,0.0470480112343944
0.0254577330057829,0.0243131617302214,0.0468121439976216
0.0253929635456754,0.024270738602786,0.0465728459094525
0.025328553944171,0.0242284822475868,0.046330170889418
0.0252645111480196,0.0241864092963065,0.0460841738635968
0.0252008419519444,0.0241445362186955,0.045834910749936
0.0251375529840264,0.0241028792821789,0.0455824384226857
0.0250746506912266,0.0240614545114438,0.0453268146771702
0.0250121413392934,0.024020277662439,0.0450680982090213
0.0249500310266576,0.023979364210722,0.044806348607191
0.0248883257061997,0.0239387293484556,0.0445416263542826
0.0248270312155522,0.02389838799111,0.0442739928345281
0.0247661533238217,0.0238583548020406,0.0440035103570862
0.0247056977975471,0.0238186442378432,0.0437302421974475
0.0246456704728617,0.0237792706013104,0.0434542526441185
0.0245860773094426,0.0237402480772426,0.0431756070265453
0.0245269244085322,0.0237015907330313,0.0428943717069677
0.0244682179996225,0.0236633124883717,0.0426106140410646
0.0244099644204259,0.0236254270787228,0.0423244023320552
0.0243521701152743,0.0235879480378485,0.0420358058032422
0.0242948416579417,0.0235508887056772,0.0417448945947841
0.0242379857836073,0.0235142622463395,0.0414517397693076
0.0241816094096517,0.0234780816560416,0.0411564133061187
0.0241257196376733,0.0234423597529701,0.0408589880766163
0.0240703237439554,0.0234071091562001,0.0405595378084135
0.0240154291675568,0.0233723422625486,0.0402581370475857
0.0239610434957903,0.0233380712210116,0.0399548611189504
0.0239071744409918,0.0233043078987177,0.0396497860782586
0.0238538298101909,0.0232710638402336,0.0393429886577088
0.0238010174834487,0.0232383502363639,0.039034546220195
0.023748745420321,0.0232061779223237,0.0387245367413544
0.0236970216990783,0.0231745574102061,0.0384130388237844
0.0236458545703617,0.0231434989374566,0.0381001317251027
0.0235952524954823,0.0231130125013087,0.0377858953703263
0.0235452241498673,0.0230831078592733,0.0374704103294923
0.0234957783955382,0.0230537944991838,0.0371537577647935
0.0234469242433847,0.0230250815993467,0.0368360193682005
0.0233986708239211,0.02299697799748,0.0365172773082612
0.0233510273697661,0.0229694921718172,0.0361976141891788
0.0233040032012252,0.0229426322259304,0.0358771130133756
0.0232576077086569,0.0229164058710771,0.035555857141095
0.0232118503354929,0.0228908204099689,0.0352339302508894
0.0231667405687937,0.0228658827287363,0.0349114163079675
0.0231222879342068,0.022841599293741,0.0345883995374776
0.0230785019802669,0.0228179761379021,0.0342649643879168
0.0230353922391005,0.022795018823407,0.0339411954719043
0.0229929681690102,0.0227727323862995,0.0336171774897606
0.0229512391033703,0.0227511212876604,0.03329299516003
0.0229102142313842,0.0227301893974038,0.032968733182024
0.0228699026171113,0.0227099400175689,0.0326444762363244
0.0228303132397403,0.0226903759283685,0.0323203090059432
0.0227914550293226,0.0226714994312148,0.0319963161923514
0.0227533368827428,0.0226533123732676,0.0316725825113767
0.0227159676622026,0.0226358161554452,0.031349192671574
0.0226793561867974,0.0226190117341571,0.031026231345944
0.0226435112224601,0.0226028996218241,0.0307037831424644
0.0226084414669457,0.0225874798827883,0.0303819325701478
0.022574155527348,0.0225727521221843,0.0300607639980206
0.0225406618984047,0.0225587154762106,0.0297403616150721
0.0225079689574287,0.0225453686198424,0.0294208094067901
0.0224760849838368,0.0225327098000515,0.02910219115614
0.0224450181915938,0.0225207368827432,0.0287845904573853
0.0224147767495311,0.0225094473880716,0.0284680907179762
0.0223853687718272,0.0224988384960605,0.0281527751311146
0.0223568022840713,0.0224889070277282,0.0278387266246037
0.0223290851891763,0.0224796494260142,0.0275260278101785
0.0223022252563124,0.0224710617599682,0.0272147609561737
0.0222762301383809,0.0224631397581324,0.0269050079886154
0.0222511074066841,0.0224558788601411,0.0265968505090089
0.022226864588746,0.0224492742726968,0.0262903698145648
0.0222035092041611,0.0224433210247909,0.0259856469157296
0.0221810488004852,0.0224380140239756,0.0256827625532241
0.022159490987612,0.0224333481117774,0.0253817972133588
0.0221388434598645,0.0224293181070559,0.0250828311312369
0.0221191139934869,0.0224259188246353,0.0247859442698537
0.0221003103883831,0.0224231450378743,0.0244912162440736
0.0220824403450687,0.0224209913762155,0.0241987261803359
0.022065511365044,0.0224194522461805,0.0239085526000075
0.0220495307266978,0.022418521828159,0.0236207733782157
0.0220345054711224,0.0224181940834294,0.023335465712452
0.0220204423566717,0.0224184627300725,0.0230527060599122
0.0220073478054891,0.0224193212106797,0.0227725700670742
0.0219952278750009,0.0224207626845219,0.0224951325248005
0.021984088266671,0.0224227800562644,0.0222204673614108
0.0219739343452702,0.0224253660144818,0.021948647646942
0.0219647711213785,0.0224285130328823,0.021679745561082
0.0219566031712765,0.0224322133087306,0.0214138322985716
0.0219494345133232,0.0224364586579592,0.0211509779307646
0.0219432684858022,0.0224412404122837,0.0208912512679749
0.0219381076555181,0.0224465493477618,0.0206347197517222
0.021933953748529,0.0224523756360812,0.0203814493683398
0.021930807573196,0.0224587087884229,0.0201315045544329
0.0219286689191811,0.0224655375751056,0.0198849480782026
0.0219275364454934,0.0224728499337886,0.0196418409100246
0.0219274075833053,0.022480632891869,0.0194022421080459
0.0219282784624259,0.0224888725121134,0.0191662087274963
0.0219301438436298,0.0224975538439992,0.0189337957356119
0.0219329970333952,0.0225066608575539,0.0187050559084565
0.0219368297826493,0.0225161763613882,0.0184800397111177
0.0219416322033453,0.0225260819386849,0.0182587951951341
0.0219473927414671,0.022536357939563,0.0180413679518904
0.0219540982126773,0.0225469835358113,0.0178278011283794
0.0219617338654117,0.0225579368025991,0.0176181354702904
0.0219702834250423,0.0225691947807048,0.0174124093460932
0.0219797291017622,0.0225807335020193,0.017210658734638
0.0219900515840788,0.0225925280005183,0.0170129171978355
0.0220012300510296,0.0226045523422315,0.0168192158711127
0.0220132422129235,0.0226167796843525,0.016629583481101
0.022026064362142,0.0226291823451275,0.0164440463719906
0.022039671413936,0.0226417318642588,0.016262628520677
0.0220540369420337,0.0226543990582282,0.0160853515459105
0.0220691332355828,0.0226671540966153,0.0159122347383997
0.0220849313965244,0.022679966618171,0.0157432951312755
0.0221014014653084,0.0226928058744001,0.0155785475989567
0.022118512539213,0.022705640864911,0.0154180049486634
0.0221362328571236,0.0227184404384733,0.0152616779783335
0.0221545298612111,0.0227311733703285,0.0151095755112662
0.0221733702757359,0.0227438084560415,0.0149617044476501
0.0221927202370138,0.022756314655875,0.0148180698670536
0.0222125454712063,0.0227686612861363,0.014678675178741
0.0222328114833355,0.022780818220547,0.0145435222835451
0.0222534837223252,0.0227927560660725,0.0144126117124423
0.0222745277174059,0.0228044463083347,0.014285942737373
0.0222959092060106,0.0228158614467716,0.014163513474387
0.0223175942665083,0.0228269751331539,0.0140453209922105
0.0223395494419068,0.0228377622999195,0.0139313614120552
0.0223617418273697,0.0228481992513852,0.0138216299713238
0.0223841391133943,0.0228582637096839,0.0137161210430924
0.0224067096095795,0.0228679348401463,0.0136148281365234
0.0224294222860465,0.02287719329286,0.0135177439156277
0.0224522468462958,0.0228860212738238,0.0134248602505309
0.0224751538076834,0.0228944026215617,0.0133361682777559
0.0224981145494288,0.0229023228488933,0.0132516584296589
0.0225211013085368,0.0229097691301975,0.0131713204134616
0.0225440871418942,0.0229167302525645,0.01309514315803
0.0225670458927468,0.0229231965692992,0.0130231147663775
0.0225899521844994,0.0229291599789549,0.0129552224966335
0.022612781431736,0.0229346139198697,0.0128914527613322
0.0226355098417146,0.0229395533533235,0.012831791118443
0.0226581143946498,0.0229439747233788,0.012776222242735
0.0226805728180032,0.0229478759084221,0.0127247298929212
0.0227028635757177,0.022951256185343,0.0126772968955563
0.0227249658690648,0.0229541162032325,0.0126339051421814
0.0227468596179915,0.0229564579358456,0.0125945355683043
0.0227685253935421,0.0229582845837827,0.0125591680844743
0.0227899443056915,0.0229596004310504,0.0125277814635446
0.0228110978850532,0.0229604106946738,0.0125003532224466
0.0228319679983216,0.0229607214072921,0.0124768595383442
0.0228525368052104,0.0229605393404054,0.0124572752070836
0.022872786730213,0.0229598719413755,0.0124415736175486
0.0228927004171336,0.0229587272518849,0.0124297267101672
0.0229122606598182,0.0229571138011657,0.0124217049131685
0.0229314503314343,0.0229550404964691,0.0124174770788743
0.0229502523385681,0.0229525165373832,0.0124170104460199
0.0229686496038502,0.0229495513581238,0.0124202706314706
0.0229866250579323,0.0229461545789356,0.0124272216319132
0.0230041616245647,0.0229423359504756,0.0124378258192233
0.023021242208737,0.0229381053010994,0.0124520439395713
0.0230378497173518,0.0229334725164288,0.0124698351458903
0.0230539671292776,0.0229284475680028,0.012491157080651
0.023069577595441,0.0229230405717206,0.0125159659896107
0.023084664525686,0.022917261832955,0.0125442168231789
0.0230992116330043,0.0229111218491906,0.0125758632958261
0.0231132029450266,0.0229046312804143,0.0126108579131695
0.0231266228197377,0.0228978009245891,0.0126491520034163
0.0231394559933004,0.0228906417263738,0.012690695780864
0.023151687655424,0.0228831648145853,0.0127354384369043
0.0231633035257536,0.0228753815416959,0.0127833282322665
0.0231742899130187,0.022867303506762,0.0128343125726309
0.023184633764616,0.0228589425691529,0.0128883380756444
0.0231943227284079,0.0228503108747394,0.0129453506512826
0.023203345235324,0.0228414209032277,0.0130052956040927
0.023211690585231,0.0228322855193364,0.0130681177395987
0.0232193490089558,0.0228229180009373,0.0131337614475662
0.0232263116999022,0.0228133320377656,0.0132021707554559
0.0232325708409299,0.0228035417264346,0.013273289377711
0.0232381196624548,0.0227935615976971,0.0133470607968894
0.0232429525423434,0.0227834066864378,0.0134234283873378
0.0232470651196268,0.0227730926162658,0.0135023355536025
0.0232504543793579,0.0227626356558894,0.0135837258410716
0.0232531186883435,0.0227520527269705,0.0136675429986325
0.0232550577969876,0.0227413613788537,0.0137537310084582
0.0232562728359934,0.0227305797592392,0.0138422341113853
0.0232567663186944,0.0227197265919059,0.0139329968383638
0.0232565421341077,0.0227088211467578,0.0140259640329328
0.023255605511811,0.0226978831832256,0.0141210808459259
0.023253962961105,0.0226869328692198,0.0142182927051557
0.0232516222092425,0.0226759907000951,0.0143175452851829
0.0232485921611017,0.0226650774397631,0.0144187844997911
0.0232448828756746,0.0226542140792105,0.014521956512638
0.0232405055295638,0.022643421782629,0.0146270077362583
0.0232354723410027,0.022632721794782,0.0147338847928201
0.0232297964592666,0.0226221353146623,0.0148425344413109
0.0232234918547363,0.0226116833709353,0.0149529035061808
0.0232165732445366,0.0226013867342897,0.0150649388421635
0.0232090560573915,0.0225912658704013,0.0151785873388375
0.0232009564096141,0.022581340905318,0.0152937959369356
0.0231922910620745,0.0225716315728989,0.0154105116264269
0.0231830773540018,0.0225621571400129,0.0155286814223491
0.0231733331331964,0.0225529363291155,0.0156482523378996
0.0231630766983482,0.0225439872541513,0.015769171370208
0.0231523267446586,0.0225353273613272,0.0158913854896359
0.0231411022890595,0.0225269733513333,0.0160148416086067
0.0231294225652321,0.0225189410733438,0.0161394865200324
0.0231173069085945,0.0225112454109428,0.0162652668255188
0.0231047746664131,0.0225039001950023,0.0163921288886069
0.0230918451513286,0.0224969181616201,0.0165200188314832
0.0230785376225144,0.0224903109391283,0.0166488825595385
0.0230648712593329,0.0224840890288567,0.0167786657787664
0.0230508651059822,0.0224782617580716,0.0169093139845132
0.0230365379990154,0.0224728372170765,0.017040772433304
0.0230219085106825,0.0224678222137022,0.0171729861303766
0.0230069949303277,0.0224632222677326,0.0173058998547923
0.0229918152761784,0.0224590416377996,0.0174394582142193
0.0229763873123,0.0224552833555013,0.0175736057041259
0.0229607285571813,0.0224519492530158,0.017708286757977
0.0229448562955548,0.0224490399955988,0.0178434458001815
0.0229287876129038,0.0224465551383069,0.017979027321283
0.0229125394517741,0.0224444932060944,0.0181149759744072
0.0228961286622568,0.0224428517697749,0.018251236665149
0.0228795720165862,0.0224416274879365,0.0183877546046451
0.0228628861855761,0.0224408161126545,0.0185244753233844
0.0228460877067972,0.0224404124889841,0.0186613446755311
0.0228291929800961,0.0224404105838282,0.0187983088693115
0.0228122183003418,0.0224408035539147,0.0189353145334319
0.0227951799051468,0.0224415838303126,0.0190723087975147
0.0227780940064667,0.0224427431879737,0.0192092393557809
0.0227609767953802,0.0224442727892406,0.0193460545035427
0.0227438444367187,0.022446163217833,0.0194827031632393
0.0227267130769499,0.0224484045267817,0.0196191349232609
0.0227095988697165,0.0224509863048958,0.0197553000936917
0.0226925180010482,0.0224538977439206,0.019891149760769
0.0226754866964553,0.0224571276885824,0.0200266358221921
0.0226585212157053,0.0224606646751683,0.0201617110091458
0.0226416378615381,0.022464496984679,0.0202963289214142
0.0226248530205095,0.0224686127285254,0.0204304440938889
0.0226081832223011,0.0224729999529086,0.0205640120809064
0.0225916451797556,0.022477646723976,0.0206969895207392
0.0225752557808857,0.0224825411648991,0.0208293341515053
0.0225590320383749,0.0224876714503983,0.0209610047839226
0.0225429910290102,0.022493025791268,0.0210919612631754
0.022527149851221,0.0224985924371826,0.021222164447883
0.0225115256011599,0.0225043596981931,0.0213515762065724
0.0224961353458329,0.022510315963164,0.0214801594103348
0.022480996076071,0.0225164496975222,0.0216078779047946
0.0224661246449859,0.0225227494255293,0.0217346964673647
0.0224515377127493,0.0225292037176397,0.0218605807708082
0.0224372517089953,0.0225358011941661,0.0219854973643874
0.0224232827998929,0.022542530532369,0.0221094136594936
0.022409646835253,0.022549380452447,0.0222322978949322
0.0223963592676025,0.0225563396744622,0.022354119073625
0.0223834350655804,0.0225633968686325,0.0224748468929428
0.0223708886568188,0.0225705406341914,0.0225944517037249
0.0223587339149973,0.0225777595214683,0.0227129045126387
0.0223469841701127,0.0225850420760912,0.0228301770069939
0.0223356522043699,0.0225923768674994,0.0229462415645571
0.0223247502133428,0.0225997524812538,0.0230610712281217
0.0223142897440604,0.0226071574867995,0.0231746396564348
0.0223042816365082,0.0226145804073648,0.0232869210777403
0.0222947359812823,0.0226220097050104,0.0233978902583795
0.0222856620826106,0.0226294337702275,0.0235075224754593
0.0222770684096357,0.0226368408989741,0.0236157934764701
0.0222689625362302,0.0226442192572391,0.0237226794262826
0.0222613510908891,0.0226515568544365,0.0238281568632764
0.0222542397387746,0.0226588415475031,0.02393220268684
0.0222476331943132,0.0226660610739778,0.0240347941747236
0.0222415352372793,0.0226732030869489,0.0241359090031908
0.022235948704594,0.0226802551641346,0.024235525242141
0.0222308754573973,0.0226872047907859,0.0243336213246071
0.0222263163530775,0.0226940393463412,0.024430176020068
0.0222222712553819,0.0227007461282196,0.0245251684444323
0.0222187390889338,0.0227073124192413,0.0246185781128528
0.0222157179140207,0.0227137255745026,0.0247103850112714
0.0222132049924968,0.0227199730983463,0.0248005696577292
0.0222111968374766,0.0227260427038809,0.0248891131463365
0.0222096892619083,0.0227319223700443,0.0249759971890819
0.0222086774397713,0.0227376004100424,0.0250612041691507
0.022208155972274,0.0227430655437256,0.0251447171979667
0.0222081189363115,0.0227483069513237,0.0252265201530904
0.0222085599029188,0.0227533142963382,0.025306597684688
0.0222094719408777,0.0227580777327158,0.0253849352058028
0.0222108476373536,0.0227625879280802,0.0254615188984352
0.0222126791551426,0.0227668361224485,0.0255363357551923
0.0222149583147017,0.0227708142103786,0.0256093736449173
0.0222176766676897,0.0227745148130166,0.0256806213693002
0.022220825537512,0.0227779313153338,0.0257500686861795
0.0222243960326867,0.0227810578743414,0.025817706305404
0.0222283790612723,0.0227838894267058,0.0258835258853487
0.0222327653681811,0.0227864217178748,0.0259475200516576
0.0222375455907344,0.0227886513483055,0.0260096824333888
0.0222427103102162,0.0227905758145904,0.0260700076943162
0.0222482500862136,0.022792193532143,0.0261284915463478
0.0222541554837089,0.0227935038492165,0.0261851307552487
0.0222604171118703,0.0227945070710737,0.0262399231577837
0.0222670256761501,0.022795204495882,0.0262928676919612
0.0222739720196818,0.022795598438357,0.0263439644163934
0.0222812471247975,0.0227956922120294,0.0263932144895972
0.0222888420691277,0.0227954900646895,0.0264406201036893
0.0222967479620487,0.0227949970928995,0.0264861843981882
0.0223049558968929,0.0227942191711221,0.0265299113892867
0.0223134569338745,0.022793162910462,0.026571805929576
0.0223222420981349,0.0227918356312997,0.0266118736828114
0.0223313023651595,0.022790245321815,0.0266501210862802
0.0223406286215127,0.0227884005700979,0.0266865552890145
0.0223502116143677,0.0227863104832492,0.0267211840794508
0.0223600419119706,0.0227839846157744,0.0267540158245742
0.0223701098811627,0.0227814329137078,0.0267850594264216
0.0223804056666039,0.0227786656594378,0.0268143242803422
0.0223909191548412,0.0227756934006025,0.0268418202180103
0.0224016399280636,0.0227725268680281,0.0268675574399875
0.0224125572334945,0.0227691769087322,0.0268915464637819
0.0224236599896112,0.022765654455238,0.026913798108615
0.0224349368213456,0.02276197052337,0.0269343235090988
0.0224463760911769,0.0227581362054206,0.0269531341248309
0.0224579658969795,0.0227541626295423,0.0269702417168566
0.0224696940370965,0.0227500608859361,0.0269856582914606
0.0224815479700769,0.0227458419475239,0.0269993960385789
0.0224935147967514,0.0227415166130983,0.0270114672922883
0.0225055812689449,0.0227370954774942,0.0270218845175349
0.02251773380734,0.0227325889113317,0.0270306603056672
0.0225299585118565,0.0227280070335524,0.0270378073623707
0.0225422411677955,0.0227233596797976,0.0270433384915182
0.0225545672664585,0.022718656385236,0.0270472665938115
0.0225669220516276,0.0227139063932841,0.02704960469161
0.0225792905798447,0.0227091186783212,0.0270503659677829
0.0225916577685287,0.0227043019566483,0.0270495637924921
0.0226040084191871,0.0226994646731611,0.0270472117250257
0.0226163272324145,0.0226946149806653,0.0270433235072239
0.0226285988472425,0.0226897607446317,0.0270379130809043
0.0226408079220187,0.0226849095907306,0.0270309946463763
0.0226529392411671,0.0226800689795055,0.027022582746449
0.0226649778134047,0.022675246273616,0.0270126923417147
0.0226769089389467,0.0226704487749951,0.0270013388548753
0.0226887182515582,0.0226656837377099,0.0269885381901059
0.022700391757147,0.0226609583783368,0.0269743067490969
0.0227119158806797,0.022656279895862,0.0269586614554035
0.0227232775118757,0.0226516554917557,0.0269416197774384
0.0227344640323537,0.022647092372932,0.0269231997328196
0.022745463321707,0.0226425977349614,0.0269034198717132
0.0227562637614088,0.0226381787442656,0.0268822992582918
0.0227668542593385,0.0226338425419302,0.0268598574732825
0.0227772242971402,0.0226295962712246,0.0268361146399594
0.0227873639764388,0.0226254471047496,0.0268110914497273
0.0227972640348585,0.0226214022420904,0.0267848091583264
0.0228069158258678,0.0226174688720398,0.0267572895466677
0.0228163112863352,0.0226136541234586,0.0267285548700255
0.0228254429232851,0.0226099650365446,0.0266986278268311
0.0228343038298232,0.0226064085646998,0.0266675315568364
0.0228428877119353,0.0226029915887328,0.0266352896503423
0.0228511889006999,0.0225997209177674,0.0266019261432051
0.0228592023426135,0.0225966032693067,0.0265674654905768
0.0228669235819329,0.022593645242187,0.0265319325334454
0.0228743487497178,0.0225908532970889,0.0264953524726852
0.0228814745551685,0.0225882337402806,0.0264577508461367
0.0228882982587011,0.0225857926901239,0.0264191534880911
0.0228948176128981,0.0225835360125121,0.0263795864573043
0.0229010307826459,0.0225814692365533,0.026339075944867
0.0229069362749082,0.0225795974809349,0.0262976481923971
0.0229125329016462,0.022577925414444,0.026255329444096
0.0229178197713369,0.0225764572459688,0.0262121459282231
0.0229227962813155,0.0225751967159933,0.0261681238404014
0.0229274620867111,0.0225741470651359,0.0261232893047044
0.0229318170479515,0.022573310981638,0.0260776683145455
0.0229358611813333,0.0225726905524444,0.0260312866776914
0.0229395946341291,0.0225722872396614,0.0259841699865484
0.0229430176823207,0.0225721018807772,0.0259363436114979
0.0229461307314061,0.0225721346932445,0.0258878326975689
0.0229489343072945,0.0225723852704077,0.0258386621514671
0.0229514290459178,0.0225728525772958,0.0257888566276743
0.0229536157008702,0.0225735349654951,0.0257384405329881
0.0229554951743939,0.0225744302123726,0.0256874380548355
0.0229570685522372,0.0225755355651413,0.0256358731938902
0.022958337113949,0.0225768477612918,0.0255837697725742
0.0229593023082638,0.0225783630150406,0.0255311514090877
0.0229599657124063,0.0225800769887008,0.0254780414757079
0.022960329007148,0.0225819847809536,0.0254244630730285
0.0229603939845174,0.0225840809490261,0.0253704390369217
0.022960162577079,0.0225863595536303,0.0253159919671581
0.022959636883295,0.0225888142009447,0.0252611442523884
0.0229588191749896,0.022591438067364,0.0252059180777432
0.0229577118964466,0.0225942239163689,0.0251503354247003
0.0229563176747805,0.0225971641271845,0.0250944180827779
0.0229546393477518,0.022600250741577,0.0250381876789955
0.0229526799941298,0.0226034755141003,0.0249816657099595
0.0229504429477718,0.0226068299470952,0.0249248735575736
0.0229479317956392,0.0226103053107144,0.0248678324885025
0.0229451503816641,0.0226138926699028,0.0248105636592448
0.0229421028379515,0.0226175829397995,0.0247530881482697
0.0229387936402838,0.0226213669664327,0.0246954270122202
0.0229352276599369,0.0226252356045189,0.0246376013383353
0.0229314101832007,0.0226291797635077,0.0245796322646778
0.0229273468943866,0.022633190417481,0.0245215409640783
0.0229230438440558,0.0226372586006297,0.0244633486134975
0.0229185074281172,0.0226413754140789,0.0244050763743025
0.0229137443843127,0.0226455320506831,0.0243467453898329
0.0229087617915162,0.0226497198231615,0.0242883767856993
0.0229035670554495,0.0226539301789345,0.0242299916566006
0.0228981678819555,0.0226581547024885,0.0241716110410517
0.0228925722553479,0.0226623851225314,0.0241132559017148
0.022886788435238,0.0226666133372134,0.0240549471247879
0.0228808249637201,0.0226708314492565,0.0239967055302954
0.0228746906591367,0.022675031787211,0.0239385518694412
0.0228683945816713,0.0226792068981096,0.0238805067941916
0.022861945982773,0.0226833495236089,0.0238225908109616
0.0228553542680535,0.0226874525893978,0.0237648242478578
0.0228486289930311,0.0226915092273595,0.0237072272546889
0.0228417798823174,0.022695512821046,0.023649819826324
0.0228348168434276,0.0226994570454224,0.0235926218207417
0.0228277499539267,0.0227033358792733,0.0235356529507414
0.022820589425332,0.0227071435934492,0.0234789327529253
0.0228133455635911,0.0227108747347152,0.0234224805537808
0.0228060287394457,0.0227145241186063,0.0233663154460443
0.0227986493625304,0.0227180868252548,0.0233104562690565
0.0227912178433205,0.0227215581823189,0.0232549215771762
0.0227837445383146,0.022724933730316,0.0231997295917011
0.0227762396943035,0.0227282091860859,0.0231448981522256
0.0227687134143938,0.0227313804269555,0.0230904446901598
0.0227611756518591,0.022734443501593,0.0230363862305107
0.0227536362127096,0.0227373946483424,0.0229827394028633
0.0227461047395824,0.022740230293545,0.022929520434214
0.0227385906679658,0.0227429470208516,0.0228767451146378
0.0227311031736196,0.0227455415305586,0.0228244287544635
0.0227236511400518,0.0227480106181369,0.0227725861614829
0.0227162431578198,0.022750351184041,0.0227212316496443
0.02270888754142,0.0227525602607133,0.0226703790648219
0.022701592340456,0.0227546350334116,0.0226200418044039
0.0226943653362239,0.0227565728458156,0.0225702328219961
0.0226872140346961,0.0227583712012401,0.0225209646283605
0.0226801456700442,0.0227600277735616,0.0224722493027452
0.0226731672168295,0.0227615404260406,0.0224240985126763
0.0226662853926629,0.0227629072199102,0.0223765235239564
0.0226595066360874,0.0227641263975199,0.0223295351855941
0.0226528370661036,0.0227651963465007,0.0222831438960611
0.0226462824493776,0.0227661155710669,0.0222373595768524
0.0226398481983597,0.0227668826937566,0.0221921916765062
0.0226335393992463,0.0227674964865297,0.0221476492040255
0.0226273608454079,0.0227679559066981,0.0221037407674608
0.0226213170517701,0.0227682601129627,0.0220604745933349
0.0226154122481413,0.0227684084594327,0.0220178585250126
0.0226096503716201,0.0227684004878514,0.0219759000200558
0.0226040350782277,0.0227682359384463,0.0219346061664478
0.0225985697738308,0.0227679147797726,0.0218939837174692
0.0225932576471009,0.022767437240479,0.0218540391278084
0.0225881016910852,0.0227668038295876,0.0218147785774878
0.0225831047191057,0.0227660153509255,0.0217762079894176
0.0225782693922797,0.0227650729289037,0.0217383330579675
0.0225735982655706,0.0227639780524755,0.0217011592955641
0.0225690938368511,0.0227627326216418,0.0216646920819047
0.0225647585726853,0.0227613389700742,0.0216289366896605
0.0225605948982331,0.0227597998511468,0.0215938982742028
0.0225566051653223,0.0227581184014249,0.0215595818414324
0.0225527916276836,0.0227562981107307,0.0215259922226135
0.0225491564418559,0.0227543428174392,0.021493134074609
0.0225457016869259,0.0227522567221813,0.021461011898687
0.0225424293804861,0.0227500443971665,0.0214296300554654
0.0225393414760571,0.0227477107761039,0.0213989927615085
0.0225364398484961,0.0227452611310465,0.021369104074293
0.0225337262851374,0.0227427010538884,0.0213399678833048
0.0225312024899502,0.0227400364499476,0.0213115879144197
0.0225288700886008,0.0227372735317155,0.0212839677352823
0.0225267306169323,0.0227344187954448,0.0212571107440662
0.0225247854915176,0.0227314789793499,0.0212310201401914
0.0225230359817223,0.0227284610229654,0.0212056988963561
0.0225214832049207,0.0227253720494024,0.0211811497534586
0.0225201281458211,0.0227222193714706,0.021157375239374
0.0225189716768479,0.0227190104984918,0.0211343776886761
0.0225180145526594,0.0227157531166675,0.0211121592366203
0.0225172573718562,0.0227124550358873,0.0210907217806373
0.0225167005236193,0.0227091241207279,0.0210700669271026
0.0225163441438002,0.0227057682303529,0.0210501959477616
0.0225161880897086,0.0227023951767959,0.0210311097548654
0.0225162319228082,0.0226990126909642,0.0210128088841448
0.022516474884382,0.0226956283813895,0.0209952934707544
0.0225169158638603,0.0226922496852963,0.0209785632180219
0.0225175533753384,0.0226888838274323,0.020962617374631
0.0225183855557439,0.0226855378001262,0.0209474547336998
0.022519410178688,0.0226822183586771,0.0209330736477338
0.0225206246619505,0.0226789320101159,0.0209194720373401
0.0225220260526978,0.0226756849795454,0.0209066473777198
0.022523610998781,0.0226724831626075,0.0208945966711364
0.0225253757328733,0.022669332091122,0.0208833164318714
0.0225273160897994,0.022666236932547,0.0208728027037715
0.0225294275520734,0.0226632025184307,0.0208630511052884
0.0225317052988397,0.0226602333769841,0.0208540568773043
0.0225341442369846,0.0226573337483219,0.0208458149127539
0.022536739014212,0.0226545075819663,0.0208383197680654
0.0225394840302155,0.0226517585326991,0.0208315656726311
0.0225423734585066,0.0226490899674274,0.0208255465487984
0.0225454012743762,0.0226465049786935,0.0208202560377546
0.022548561274089,0.0226440063900161,0.0208156875163633
0.0225518470791847,0.0226415967469444,0.0208118340988607
0.022555252138977,0.0226392783068985,0.0208086886365523
0.0225587697527416,0.0226370530492865,0.0208062437370221
0.022562393119272,0.0226349227135628,0.0208044918105553
0.0225661153972489,0.0226328888485948,0.0208034251273039
0.0225699297493241,0.0226309528461088,0.0208030358582294
0.0225738293575064,0.0226291159457243,0.0208033160875001
0.0225778074235211,0.0226273792253356,0.0208042578099439
0.02258185717987,0.022625743602832,0.020805852939048
0.0225859719245078,0.0226242098623818,0.0208080933381428
0.022590145068755,0.0226227786950703,0.0208109708642444
0.0225943701779098,0.0226214507333133,0.0208144774040855
0.0225986409951928,0.022620226569474,0.0208186048931778
0.0226029514576575,0.0226191067671061,0.0208233453267573
0.0226072957171243,0.0226180918777459,0.0208286907758084
0.0226116681655342,0.0226171824625849,0.0208346334076314
0.0226160634480406,0.0226163791022834,0.0208411654943425
0.0226204764477179,0.0226156823787412,0.0208482793932655
0.0226249022451269,0.0226150928320382,0.020855967502501
0.022629336076264,0.0226146109161261,0.0208642222151561
0.0226337733131017,0.022614236977572,0.0208730358963543
0.0226382094699108,0.0226139712605638,0.0208824008861904
0.0226426402153219,0.0226138139179956,0.0208923095087045
0.0226470613667502,0.0226137650050103,0.0209027540637213
0.0226514688626479,0.0226138244502679,0.0209137267971912
0.0226558587291764,0.0226139920215229,0.0209252198666119
0.0226602270601768,0.0226142673045843,0.0209372253202064
0.0226645700124046,0.0226146496978902,0.0209497350915586
0.022668883801727,0.022615138408583,0.0209627409952224
0.0226731646881943,0.0226157324380453,0.0209762347111665
0.0226774089552001,0.0226164305620746,0.0209902077633063
0.0226816129000692,0.02261723132298,0.0210046515095063
0.0226857728455706,0.0226181330430292,0.0210195571526009
0.0226898851608055,0.0226191338475746,0.0210349157609899
0.0226939462671232,0.0226202316733254,0.0210507182746334
0.0226979526143501,0.0226214242468816,0.0210669554818921
0.0227019006369516,0.0226227090431112,0.0210836179768732
0.0227057867163416,0.0226240832497185,0.0211006961233616
0.0227096071691013,0.022625543757973,0.0211181800448966
0.0227133582583026,0.0226270871769111,0.0211360596380626
0.0227170362086959,0.0226287098517008,0.0211543245898056
0.0227206372113686,0.0226304078715769,0.0211729643845535
0.0227241574223279,0.0226321770716272,0.0211919683057333
0.0227275929707642,0.0226340130441545,0.0212113254474416
0.0227309399840821,0.0226359111668129,0.0212310247432175
0.0227341946183776,0.0226378666363593,0.0212510550004254
0.0227373530763782,0.0226398744901729,0.0212714049221216
0.0227404116087507,0.0226419296115673,0.021292063112194
0.0227433665151408,0.0226440267353938,0.0213130180800033
0.0227462141663271,0.0226461604754618,0.0213342582657677
0.022748951051846,0.0226483253781806,0.0213557720909822
0.0227515738342693,0.02265051598349,0.0213775480151633
0.0227540793842995,0.022652726866973,0.0213995745733273
0.0227564647864496,0.0226549526526537,0.0214218403842275
0.0227587273280488,0.0226571880091094,0.0214443341421873
0.0227608644931232,0.0226594276505361,0.0214670446139891
0.0227628739706935,0.0226616663524878,0.0214899606501846
0.0227647536683434,0.0226638989732535,0.0215130712015712
0.0227665017165144,0.0226661204662899,0.0215363653263151
0.0227681164618359,0.0226683258818955,0.0215598321861397
0.0227695964636549,0.0226705103721726,0.0215834610458258
0.0227709405077782,0.0226726692132385,0.0216072412900554
0.0227721476336491,0.022674797840881,0.0216311624538132
0.0227732171542415,0.0226768918788977,0.0216552142456426
0.0227741486509521,0.0226789471423664,0.021679386546051
0.0227749419474206,0.0226809596198335,0.0217036693849284
0.0227755970853994,0.0226829254577307,0.0217280529209088
0.0227761143234089,0.0226848409679925,0.0217525274431675
0.0227764941574396,0.0226867026582653,0.0217770833947855
0.0227767373435092,0.0226885072644112,0.0218017113975706
0.0227768449024016,0.0226902517653481,0.0218264022589324
0.0227768181048244,0.022691933378144,0.0218511469593353
0.0227766584512783,0.0226935495474706,0.0218759366347918
0.0227763676594585,0.0226950979422019,0.0219007625672302
0.022775947656438,0.0226965764564459,0.0219256161799413
0.0227754005615309,0.0226979832009152,0.0219504890239886
0.0227747286522367,0.0226993164770036,0.0219753727480102
0.0227739343241539,0.0227005747444293,0.0220002590623109
0.0227730200662599,0.0227017566038578,0.0220251397186089
0.0227719884624555,0.0227028608054069,0.0220500065162934
0.0227708422074364,0.0227038862710165,0.0220748513233011
0.0227695841123193,0.022704832105942,0.022099666087172
0.0227682170861307,0.0227056975853225,0.022124442822516
0.0227667441028718,0.0227064821255466,0.0221491735845801
0.0227651681771373,0.022707185263604,0.0221738504516711
0.0227634923620201,0.022707806658466,0.0221984655298604
0.0227617197621786,0.0227083461075926,0.0222230109726275
0.0227598535439852,0.0227088035605081,0.0222474789973373
0.0227578969332479,0.022709179119803,0.0222718618891742
0.0227558532078534,0.0227094730367347,0.0222961520000406
0.0227537256986822,0.022709685714663,0.0223203417558718
0.0227515178006438,0.0227098177221077,0.0223444236742666
0.0227492329793343,0.0227098698008656,0.0223683903779955
0.0227468747562879,0.0227098428520939,0.0223922345874257
0.0227444466720667,0.0227097378995985,0.0224159490911223
0.0227419522466788,0.022709556049932,0.0224395267140092
0.0227393949607117,0.02270929847289,0.02246296030628
0.0227367782631601,0.0227089664085365,0.0224862427588837
0.0227341055895601,0.0227085611843588,0.0225093670291953
0.0227313803682492,0.0227080842202107,0.0225323261548367
0.0227286060080551,0.0227075370141783,0.0225551132490979
0.0227257858806626,0.022706921122612,0.0225777214912068
0.022722923314987,0.0227062381518369,0.0226001441285863
0.0227200216064944,0.02270548976477,0.0226223744937737
0.0227170840285329,0.0227046776897316,0.0226444060228524
0.0227141138328485,0.0227038037187417,0.022666232262484
0.0227111142418441,0.0227028696978911,0.022687846868081
0.0227080884481965,0.0227018775254135,0.0227092436087382
0.0227050396329021,0.0227008291685178,0.0227304163900098
0.0227019709940548,0.0226997266911857,0.022751359286934
0.0226988857645085,0.0226985722708913,0.0227720665656607
0.0226957872022808,0.0226973681878777,0.0227925326777623
0.0226926785590426,0.0226961167922401,0.0228127522326837
0.0226895630494084,0.0226948204716291,0.0228327199709648
0.0226864438407005,0.022693481639465,0.0228524307577067
0.022683324063029,0.0226921027436761,0.0228718795959726
0.0226802068228744,0.022690686279136,0.0228910616433185
0.0226770952057328,0.0226892347891994,0.0229099722171739
0.0226739922703275,0.0226877508586589,0.0229286067917384
0.0226709010488374,0.0226862371125027,0.0229469610009055
0.0226678245613351,0.0226846962287113,0.0229650306553476
0.0226647658355639,0.0226831309563147,0.0229828117648033
0.0226617279149947,0.0226815441217226,0.0230003005484473
0.0226587138489354,0.0226799386171648,0.0230174934270662
0.0226557266776801,0.0226783173843427,0.023034387009937
0.0226527694330211,0.0226766834137603,0.0230509780966016
0.0226498451613183,0.0226750397670071,0.0230672637006623
0.0226469569548255,0.0226733896075938,0.0230832410814023
0.0226441079677722,0.0226717362165546,0.0230989077600075
0.0226413014055031,0.0226700829807955,0.0231142615090152
0.022638540496195,0.0226684333635163,0.0231293003246949
0.0226358284651153,0.0226667908766995,0.0231440224023105
0.0226331685222924,0.0226651590666898,0.0231584261249865
0.0226305638568776,0.0226635415062818,0.0231725100593376
0.0226280176244554,0.0226619417795944,0.023186272944103
0.0226255329240381,0.0226603634564091,0.0231997136685798
0.0226231127768979,0.022658810068077,0.0232128312530466
0.0226207601213643,0.02265728509912,0.0232256248452919
0.0226184778224701,0.0226557919934185,0.0232380937321041
0.0226162686785326,0.0226543341570403,0.0232502373478303
0.0226141354069632,0.0226529149399637,0.0232620552623346
0.0226120806100904,0.0226515375975292,0.0232735471491013
0.0226101067407121,0.0226502052515425,0.023284712753008
0.0226082160878125,0.0226489208717705,0.0232955518779182
0.0226064107849175,0.0226476872805381,0.0233060643963557
0.0226046928245992,0.0226465071639572,0.0233162502647599
0.022603064060379,0.0226453830708456,0.0233261095257707
0.0226015261921713,0.0226443173952203,0.0233356422939395
0.0226000807472167,0.0226433123541492,0.0233448487369794
0.0225987290693281,0.0226423699737695,0.0233537290653967
0.0225974723157828,0.0226414920828678,0.0233622835297838
0.0225963114492915,0.022640680301511,0.0233705124131628
0.0225952472164216,0.0226399360161379,0.0233784160097405
0.02259428012053,0.0226392603492297,0.0233859945980791
0.0225934104087481,0.0226386541432166,0.0233932484281151
0.0225926380850247,0.0226381179707435,0.0234001777339141
0.0225919629404452,0.0226376521625176,0.0234067827633598
0.0225913845783421,0.0226372568301335,0.0234130638024062
0.0225909024190024,0.0226369318685186,0.0234190211788466
0.0225905156898847,0.0226366769438812,0.0234246552515456
0.0225902234213889,0.0226364914873805,0.0234299664050138
0.022590024462387,0.0226363747090257,0.0234349550632518
0.0225899175113964,0.0226363256279369,0.0234396217185203
0.0225899011475798,0.0226363431032192,0.0234439669591751
0.0225899738514219,0.022636425855197,0.0234479914865335
0.0225901340200109,0.0226365724817677,0.0234516961258718
0.0225903799890115,0.0226367814818248,0.0234550818437804
0.0225907100644446,0.0226370512887501,0.0234581497750983
0.0225911225518838,0.0226373803014589,0.0234609012471713
0.0225916157661936,0.0226377668959723,0.0234633377847056
0.0225921880183783,0.0226382094140052,0.0234654610918833
0.0225928375956315,0.0226387061447145,0.0234672730277778
0.0225935627568441,0.0226392553220474,0.0234687755971587
0.0225943617516914,0.0226398551459703,0.0234699709646416
0.0225952328502569,0.0226405038145385,0.0234708614791304
0.0225961743623538,0.022641199545789,0.0234714496878755
0.0225971846378645,0.0226419405805423,0.0234717383316763
0.0225982620578918,0.0226427251757975,0.0234717303311183
0.0225994050323196,0.0226435516043882,0.0234714287793586
0.0226006120080233,0.0226444181653262,0.023470836945519
0.0226018814773019,0.0226453231945662,0.0234699582781054
0.0226032119745873,0.0226462650643198,0.0234687963964511
0.0226046020625747,0.0226472421720737,0.0234673550713284
0.0226060503218866,0.0226482529334242,0.0234656382088425
0.0226075553562208,0.022649295790661,0.0234636498495754
0.0226091158083808,0.0226503692323843,0.02346139417848
0.0226107303678504,0.0226514718045812,0.0234588755264116
0.0226123977531965,0.0226526020961589,0.0234560983468528
0.0226141166714179,0.0226537587008797,0.0234530671701184
0.0226158857740656,0.0226549401755642,0.0234497865548236
0.0226177036299428,0.0226561450145807,0.0234462610562183
0.0226195687173131,0.0226573716437543,0.023442495214107
0.02262147942218,0.022658618420323,0.0234384935468555
0.0226234340292303,0.0226598836254308,0.0234342605381583
0.0226254307064013,0.0226611654499767,0.023429800617649
0.0226274674956712,0.0226624619863523,0.0234251181479952
0.0226295423183458,0.0226637712343751,0.023420217426697
0.0226316529878317,0.0226650911144787,0.0234151026955
0.0226337972141237,0.0226664194724406,0.0234097781415946
0.0226359725926867,0.0226677540683927,0.0234042478832348
0.0226381765882637,0.0226690925607711,0.0233985159501886
0.0226404065330359,0.0226704325048312,0.0233925862782719
0.022642659648664,0.0226717713754073,0.0233864627273448
0.0226449330818662,0.022673106603554,0.0233801491124572
0.0226472239322127,0.0226744356055139,0.0233736492270462
0.0226495292589919,0.0226757557905519,0.0233669668453533
0.0226518460730144,0.0226770645533036,0.0233601057101382
0.0226541713305975,0.0226783592678715,0.0233530695229429
0.0226565019406463,0.0226796372947334,0.0233458619476815
0.0226588347799785,0.0226808959957676,0.0233384866225562
0.0226611667043961,0.022682132744975,0.0233309471677363
0.0226634945514846,0.0226833449308781,0.0233232471847857
0.0226658151455292,0.0226845299609896,0.0233153902582197
0.022668125318039,0.0226856852818746,0.023307379972639
0.022670421944086,0.0226868084150314,0.0232992199456166
0.0226727019781788,0.0226878969922577,0.0232909138601012
0.0226749624713683,0.0226889487721044,0.0232824654781256
0.0226772005669635,0.0226899616347732,0.0232738786332314
0.0226794134907395,0.0226909335714841,0.0232651572173614
0.0226815985549997,0.0226918626879539,0.0232563051813316
0.0226837531814441,0.0226927472271792,0.0232473265536105
0.022685874929947,0.0226935855986806,0.0232382254644792
0.0226879615160296,0.0226943763968166,0.0232290061585402
0.02269001081176,0.02269511840262,0.023219672990585
0.0226920208395902,0.0226958105784483,0.0232102304145482
0.0226939897708843,0.0226964520671053,0.0232006829773929
0.0226959159291853,0.0226970421954706,0.0231910353179881
0.0226977977864926,0.0226975804709034,0.0231812921592652
0.0226996339432128,0.0226980665610725,0.0231714582843334
0.022701423097849,0.0226985002633214,0.0231615385025869
0.022703164024813,0.0226988814820703,0.0231515376240706
0.0227048555738053,0.0226992102278347,0.0231414604554102
0.0227064966854363,0.0226994866325607,0.0231313118119429
0.0227080864033321,0.0226997109613845,0.023121096526411
0.0227096238671244,0.0226998836050033,0.0231108194388132
0.0227111082890832,0.022700005055301,0.0231004853702837
0.0227125389314613,0.0227000758813841,0.0230900990979804
0.0227139150986341,0.0227000967203554,0.0230796653448351
0.0227152361424946,0.0227000682815248,0.0230691887824102
0.0227165014680509,0.0226999913510897,0.0230586740337353
0.0227177105299355,0.0226998667879287,0.0230481256669166
0.0227188628241418,0.022699695514685,0.0230375481839763
0.0227199578870487,0.0226994785160731,0.0230269460171019
0.0227209953064856,0.0226992168490526,0.0230163235371639
0.0227219747345267,0.0226989116544113,0.0230056850643275
0.0227228958854016,0.0226985641529735,0.0229950348643144
0.022723758512779,0.0226981756205833,0.0229843771246802
0.0227245623793312,0.022697747354824,0.0229737159239683
0.022725307239572,0.0226972806546854,0.0229630552145211
0.0227259928459915,0.0226967768234417,0.0229523988287356
0.0227266189690314,0.0226962371853848,0.0229417504992047
0.0227271854123765,0.022695663097796,0.0229311138743004
0.0227276920142159,0.0226950559486219,0.0229204925200247
0.0227281386417059,0.0226944171469844,0.0229098899154534
0.0227285251923637,0.0226937481203128,0.0228993094554327
0.0227288516068411,0.022693050322728,0.0228887544648104
0.0227291178837767,0.022692325245552,0.0228782282147375
0.0227293240847192,0.0226915744180481,0.0228677339289481
0.0227294703285648,0.0226907993979025,0.0228572747794138
0.0227295567881318,0.0226900017641461,0.0228468538839403
0.0227295837016032,0.0226891831253102,0.0228364743183844
0.02272955139707,0.0226883451410133,0.0228261391417656
0.0227294603132265,0.0226874895398428,0.0228158514175091
0.0227293109990266,0.0226866181160675,0.0228056142138986
0.0227291040911261,0.0226857327038178,0.0227954305827555
0.0227288402852687,0.0226848351449139,0.0227853035324864
0.0227285203199926,0.0226839272689377,0.0227752360136673
0.0227281449768703,0.0226830108900191,0.0227652309211325
0.0227277150859934,0.0226820878091871,0.0227552911011535
0.0227272315240697,0.0226811598096269,0.0227454193511002
0.0227266952050741,0.0226802286446932,0.0227356184116077
0.0227261070748641,0.0226792960300432,0.0227258909627016
0.0227254681183966,0.0226783636485483,0.0227162396324812
0.022724779374154,0.0226774331626321,0.0227066670129286
0.0227240419407518,0.0226765062190159,0.0226971756678128
0.022723256966752,0.02267558443691,0.022687768123714
0.0227224256311902,0.0226746693872512,0.0226784468516025
0.0227215491326846,0.0226737625810448,0.0226692142566769
0.0227206286983083,0.022672865478167,0.0226600726874775
0.0227196656055587,0.0226719795099768,0.0226510244576095
0.0227186611988402,0.022671106096939,0.0226420718617009
0.022717616887192,0.0226702466476478,0.0226332171726608
0.0227165341269376,0.0226694025426498,0.022624462624182
0.0227154144046481,0.0226685751183704,0.0226158103939614
0.0227142592314014,0.0226677656622037,0.0226072625985367
0.0227130701448447,0.0226669754153972,0.022598821296129
0.0227118487073252,0.0226662055720568,0.0225904884856958
0.022710596495236,0.0226654572694266,0.0225822660973329
0.0227093150885766,0.0226647315784547,0.0225741559830039
0.0227080060743194,0.0226640295082776,0.0225661599211275
0.0227066710660858,0.0226633520271477,0.0225582796374936
0.0227053117266474,0.0226627000862358,0.0225505168290766
0.0227039297755957,0.0226620746285053,0.0225428731732294
0.0227025269772273,0.022661476577604,0.0225353503173978
0.0227011051212304,0.0226609068194306,0.0225279498618691
0.0226996660142382,0.0226603661946818,0.0225206733533987
0.0226982114888819,0.0226598555092641,0.0225135222961029
0.0226967434202886,0.0226593755526083,0.0225064981694843
0.0226952637342033,0.0226589271079378,0.0224996024378924
0.0226937744006718,0.0226585109481766,0.0224928365456027
0.0226922774213817,0.0226581278253737,0.0224862019058094
0.0226907748222831,0.0226577784651571,0.0224796998952513
0.0226892686528595,0.0226574635675561,0.0224733318558541
0.0226877609813701,0.022657183803496,0.0224670990927212
0.0226862538758209,0.0226569397967152,0.0224610028582369
0.0226847493741409,0.0226567320946388,0.0224550443256928
0.0226832494598433,0.0226565611446569,0.0224492245685502
0.0226817560570539,0.022656427289895,0.0224435445590043
0.0226802710423428,0.022656330782018,0.0224380051831645
0.0226787962562035,0.0226562717938425,0.0224326072557482
0.0226773334986204,0.0226562504160058,0.0224273515188986
0.0226758845090147,0.0226562666378473,0.0224222386255359
0.0226744509451178,0.0226563203271061,0.0224172691217335
0.0226730343745753,0.0226564112224614,0.0224124434417017
0.0226716362795213,0.0226565389394075,0.0224077619153834
0.0226702580626733,0.022656702978144,0.0224032247770964
0.0226689010453674,0.0226569027238883,0.022398832165668
0.022667566460315,0.0226571374423004,0.0223945841189345
0.0226662554505104,0.0226574062813668,0.0223904805741166
0.0226649690804973,0.0226577082858592,0.0223865213803551
0.0226637083520463,0.022658042416281,0.0223827063155881
0.0226624742085373,0.0226584075564009,0.0223790350922454
0.0226612675205718,0.0226588025017472,0.022375507344428
0.0226600890626556,0.0226592259389207,0.0223721226063978
0.0226589395001638,0.0226596764351339,0.0223688803013887
0.0226578193975992,0.0226601524492507,0.0223657797514938
0.0226567292413565,0.0226606523576773,0.022362820201692
0.0226556694601832,0.0226611744782333,0.0223600008412601
0.0226546404332134,0.0226617170816863,0.0223573208126161
0.0226536424905789,0.0226622783958019,0.0223547792127365
0.0226526759191111,0.0226628566144064,0.0223523750996587
0.0226517409785494,0.0226634499169764,0.0223501075093869
0.0226508379207626,0.0226640564913645,0.0223479754756062
0.0226499670003089,0.0226646745480427,0.0223459780404937
0.0226491284740412,0.0226653023235904,0.0223441142543201
0.0226483226003834,0.0226659380841068,0.0223423831744317
0.0226475496510389,0.0226665801413583,0.0223407838763229
0.0226468099356692,0.0226672268821625,0.0223393154773714
0.0226461038250538,0.0226678767963142,0.0223379771589378
0.0226454317557681,0.0226685284857686,0.0223367681701731
0.0226447942128784,0.0226691806513098,0.0223356878102872
0.0226441917039793,0.0226698320699609,0.0223347354026608
0.0226436247420399,0.0226704815807551,0.0223339102781108
0.0226430938428075,0.0226711280848475,0.0223332117728243
0.0226425995276657,0.0226717705510113,0.0223326392317126
0.0226421423198754,0.0226724080144422,0.0223321920051059
0.0226417227326819,0.0226730395672765,0.0223318694373408
0.0226413412590548,0.0226736643505312,0.0223316708570405
0.0226409983718968,0.0226742815563068,0.022331595577905
0.0226406945313167,0.0226748904368511,0.0223316429065852
0.0226404301855359,0.0226754903070227,0.0223318121442371
0.0226402057557664,0.0226760805304586,0.0223321025721321
0.0226400216101767,0.0226766604946207,0.0223325134263885
0.0226398780432633,0.022677229591224,0.0223330438779781
0.0226397752729638,0.0226777872145929,0.0223336930301388
0.0226397134519255,0.0226783327744415,0.0223344599295412
0.0226396926766959,0.022678865706691,0.0223353435751165
0.0226397129812966,0.0226793854684854,0.0223363429113044
0.0226397743165979,0.0226798915185403,0.0223374568073994
0.0226398765290165,0.0226803832962428,0.0223386840366144
0.0226400193497921,0.022680860210825,0.0223400232660402
0.0226402023932614,0.022681321639164,0.022341473055788
0.0226404251538291,0.0226817669220057,0.0223430318569196
0.0226406869962729,0.0226821953533081,0.0223446980027476
0.0226409871466755,0.0226826061700649,0.0223464697007299
0.0226413246968372,0.0226829985555694,0.0223483450377019
0.022641698626112,0.0226833716601314,0.0223503220023066
0.022642107829521,0.0226837246280622,0.0223523985135119
0.0226425511352143,0.0226840566138525,0.0223545724384201
0.0226430273043371,0.0226843667804715,0.0223568415925584
0.0226435350228449,0.022684654289367,0.0223592037321718
0.0226440729020442,0.0226849182991596,0.022361656555097
0.0226446394960697,0.0226851579815171,0.0223641977181829
0.0226452333290432,0.0226853725470974,0.0223668248638809
0.022645852917468,0.0226855612670477,0.0223695356416435
0.0226464967806976,0.0226857234826888,0.0223723277171868
0.0226471634453903,0.0226858586090858,0.0223751987757332
0.022647851454482,0.0226859661429185,0.0223781465298872
0.0226485593827651,0.0226860456766831,0.0223811687342783
0.0226492858495558,0.0226860969096649,0.0223842631975016
0.0226500295179135,0.0226861196451112,0.022387427780859
0.0226507890818205,0.022686113775053,0.0223906603852788
0.0226515632555332,0.0226860792671519,0.022393958940471
0.0226523507790214,0.0226860161677178,0.0223973214100129
0.0226531504392209,0.0226859246207678,0.0224007458119472
0.0226539610922871,0.022685804888272,0.0224042302401205
0.0226547816712257,0.0226856573557643,0.0224077728708315
0.0226556111765306,0.0226854825207626,0.0224113719525953
0.0226564486614508,0.0226852809756028,0.0224150257906741
0.0226572932250116,0.0226850533979689,0.0224187327393513
0.0226581440148216,0.0226848005513649,0.0224224912037894
0.0226590002304045,0.0226845232864007,0.0224262996421085
0.0226598611180326,0.0226842225338626,0.0224301565586832
0.0226607259587948,0.0226838992912406,0.022434060490475
0.0226615940605067,0.022683554613244,0.022438009997082
0.0226624647605129,0.0226831896132832,0.0224420036616319
0.0226633374333927,0.0226828054697816,0.0224460400966628
0.0226642114889011,0.0226824034224411,0.0224501179405297
0.0226650863514408,0.0226819847495652,0.0224542358358165
0.0226659614282561,0.0226815507336038,0.0224583923969696
0.0226668360839468,0.0226811026326995,0.0224625861845784
0.0226677096334743,0.0226806416706868,0.0224668156982005
0.0226685813500409,0.0226801690421217,0.0224710793839211
0.0226694504735984,0.0226796859180987,0.0224753756424021
0.02267031620986,0.0226791934425763,0.0224797028274357
0.0226711777228309,0.022678692722081,0.0224840592381597
0.0226720341317625,0.0226781848196559,0.0224884431158621
0.0226728845183284,0.0226776707589251,0.0224928526511076
0.0226737279381473,0.022677151532487,0.0224972859952319
0.0226745634258127,0.0226766281038441,0.0225017412653298
0.0226753899902318,0.0226761013997162,0.0225062165395249
0.0226762066095297,0.0226755723020698,0.022510709851712
0.0226770122384272,0.0226750416528858,0.0225152191985897
0.0226778058308258,0.0226745102744262,0.0225197425616891
0.0226785863656418,0.0226739789929037,0.0225242779325803
0.0226793528594491,0.0226734486488279,0.0225288233250928
0.022680104360227,0.0226729200880493,0.0225333767691104
0.0226808399322717,0.0226723941434709,0.0225379362960821
0.0226815586479647,0.02267187162326,0.022542499931807
0.0226822595929752,0.0226713533123872,0.0225470657028253
0.0226829418779204,0.022670839980717,0.0225516316492488
0.022683604645541,0.0226703323867734,0.0225561958330313
0.0226842470710604,0.0226698312748295,0.0225607563393649
0.0226848683639637,0.022669337373546,0.0225653112794473
0.0226854677796878,0.0226688514046724,0.0225698588030829
0.022686044638946,0.022668374099545,0.0225743971188248
0.0226865983421765,0.0226679062108291,0.0225789245091956
0.022687128368433,0.0226674485087615,0.0225834393303764
0.0226876342611596,0.0226670017643679,0.0225879399987913
0.0226881156150777,0.0226665667340555,0.0225924249786689
0.0226885720769667,0.0226661441586001,0.022596892783148
0.022689003359434,0.022665734775757,0.0226013419879055
0.0226894092540404,0.0226653393327699,0.0226057712437725
0.0226897896306328,0.0226649585853637,0.0226101792754567
0.0226901444224128,0.0226645932824607,0.0226145648661726
0.0226904736079836,0.0226642441477206,0.0226189268395581
0.022690777200883,0.0226639118684359,0.0226232640493513
0.0226910552459485,0.0226635970912283,0.0226275753760721
0.0226913078132681,0.0226633004153882,0.0226318597213818
0.0226915349841053,0.0226630223782978,0.0226361159944536
0.0226917368348731,0.022662763439098,0.0226403430963563
0.0226919134316318,0.0226625239731853,0.0226445399148007
0.0226920648406673,0.0226623042831872,0.0226487053347148
0.0226921911466386,0.0226621046178631,0.0226528382561614
0.0226922924626414,0.022661925183106,0.0226569376041104
0.0226923689238669,0.0226617661365327,0.0226610023219262
0.0226924206715422,0.022661627572302,0.0226650313553088
0.0226924478421875,0.0226615095113415,0.0226690236415843
0.0226924505712543,0.0226614119062874,0.0226729781131895
0.0226924290064328,0.0226613346565737,0.022676893710504
0.0226923833181894,0.0226612776211905,0.0226807693916406
0.0226923137005445,0.0226612406219297,0.0226846041323944
0.0226922203669995,0.0226612234418166,0.0226883969214582
0.0226921035516503,0.0226612258286211,0.0226921467610668
0.0226919635183514,0.0226612475062219,0.0226958526760037
0.0226918005695087,0.022661288185322,0.0226995137226168
0.0226916150437548,0.0226613475626884,0.0227031289871601
0.0226914073019803,0.022661425308399,0.0227066975729262
0.0226911777138046,0.0226615210533241,0.0227102185880998
0.0226909266581604,0.022661634390762,0.0227136911477645
0.0226906545398585,0.0226617648942765,0.0227171143917353
0.0226903618100367,0.0226619121396429,0.0227204875061121
0.0226900489757468,0.0226620757159761,0.0227238097339687
0.0226897165946639,0.0226622552218211,0.0227270803713512
0.0226893652640339,0.0226624502552543,0.0227302987577585
0.0226889956157986,0.0226626604100438,0.0227334642729341
0.0226886083206382,0.0226628852807985,0.0227365763425273
0.0226882040928994,0.0226631244692091,0.0227396344444744
0.0226877836875296,0.0226633775825298,0.0227426381072018
0.0226873478897415,0.0226636442249975,0.0227455869004112
0.0226868975072732,0.0226639239920289,0.0227484804283391
0.0226864333730913,0.0226642164750062,0.0227513183333612
0.0226859563544708,0.0226645212724765,0.0227541003059695
0.0226854673550096,0.0226648379941209,0.0227568260878653
0.0226849672999069,0.0226651662476188,0.0227594954586824
0.0226844571089818,0.0226655056128259,0.0227621082108657
0.0226839376727122,0.0226658556187051,0.0227646641278204
0.0226834098434125,0.0226662157354239,0.0227671629771594
0.0226828744399625,0.0226665853802698,0.02276960451722
0.0226823322539186,0.0226669639252768,0.0227719885046215
0.0226817840472057,0.0226673506966525,0.0227743146931565
0.0226812305431651,0.0226677449676448,0.0227765828259204
0.0226806724208253,0.0226681459546594,0.0227787926305857
0.0226801103186409,0.0226685528229081,0.022780943824028
0.0226795448431441,0.022668964697081,0.0227830361217003
0.0226789765721518,0.0226693806667023,0.0227850692413937
0.0226784060481796,0.0226697997818327,0.0227870428970373
0.0226778337696131,0.0226702210467392,0.0227889567900346
0.0226772601921994,0.0226706434242132,0.0227908106105922
0.0226766857453342,0.0226710658550709,0.0227926040534594
0.0226761108537483,0.0226714872833275,0.0227943368387905
0.0226755359494014,0.022671906671568,0.0227960087232054
0.0226749614667912,0.0226723229994132,0.0227976194945492
0.0226743878293873,0.0226727352526322,0.0227991689582012
0.0226738154413626,0.0226731424171415,0.0228006569290264
0.0226732446916171,0.0226735434850925,0.0228020832357592
0.0226726759645998,0.0226739374677308,0.022803447732144
0.0226721096476992,0.0226743234048712,0.0228047503045366
0.0226715461320699,0.0226747003678369,0.0228059908728439
0.0226709858139325,0.0226750674628849,0.0228071693918516
0.0226704291049059,0.0226754238436822,0.0228082858614786
0.0226698764506632,0.0226757687321055,0.0228093403452587
0.0226693283468845,0.0226761014362482,0.0228103329861037
0.0226687853414788,0.0226764213544862,0.0228112640084448
0.0226682480233722,0.0226767279658595,0.022812133707089
0.022667717009992,0.0226770208190243,0.0228129424348185
0.022667192946047,0.0226772995325942,0.0228136906011233
0.0226666765144969,0.02267756380792,0.0228143786828177
0.0226661684481194,0.0226778134426728,0.0228150072349984
0.0226656695290041,0.022678048332318,0.0228155768899036
0.0226651805742008,0.0226782684574302,0.0228160883421654
0.0226647024171846,0.0226784738663399,0.0228165423302664
0.0226642358953462,0.0226786646633164,0.0228169396243998
0.0226637818439157,0.0226788410027722,0.0228172810210526
0.0226633410880269,0.0226790030812761,0.0228175673359365
0.0226629144268127,0.0226791511213324,0.0228177993890926
0.022662502614015,0.0226792853515088,0.0228179779865514
0.0226621063466584,0.0226794059946219,0.022818103909944
0.0226617262683938,0.0226795132707201,0.0228181779205276
0.0226613629812943,0.0226796074086565,0.0228182007713921
0.0226610170519007,0.0226796886519029,0.0228181732137843
0.0226606890024498,0.0226797572493402,0.0228180959886735
0.0226603792918418,0.0226798134355022,0.0228179698081948
0.0226600882999729,0.0226798574140169,0.0228177953404898
0.0226598163251181,0.0226798893541719,0.0228175732074087
0.0226595635915828,0.0226799093980062,0.022817303992123
0.0226593302565685,0.0226799176668986,0.0228169882455938
0.0226591164090088,0.0226799142602751,0.0228166264847864
0.0226589220640721,0.0226798992499705,0.0228162191864899
0.0226587471628248,0.022679872679619,0.022815766786342
0.0226585915808371,0.0226798345727845,0.0228152696869032
0.0226584551387831,0.0226797849427972,0.022814728267902
0.022658337604601,0.0226797237937791,0.0228141428883001
0.0226582386852194,0.022679651110852,0.0228135138781924
0.02265815801792,0.0226795668497376,0.0228128415304812
0.0226580951744478,0.0226794709391207,0.0228121261051848
0.0226580496812316,0.0226793632993655,0.0228113678495245
0.0226580210457311,0.0226792438676515,0.0228105670237591
0.0226580087747723,0.0226791126152446,0.0228097239187736
0.0226580123793712,0.0226789695511919,0.0228088388601317
0.0226580313730342,0.0226788147193168,0.0228079122056866
0.0226580652746597,0.0226786481997013,0.0228069443478267
0.0226581136197373,0.0226784701184962,0.0228059357239156
0.0226581759731784,0.022678280659517,0.0228048868281675
0.0226582519350628,0.0226780800689358,0.0228037982162321
0.0226583411388127,0.0226778686525695,0.0228026705020375
0.0226584432504494,0.0226776467744094,0.0228015043555618
0.0226585579769722,0.0226774148644212,0.0228003005095911
0.0226586850812987,0.0226771734329615,0.0227990597729826
0.022658824391517,0.0226769230793619,0.0227977830383802
0.0226589757941596,0.022676664484155,0.0227964712743076
0.0226591392137495,0.0226763983870874,0.0227951255039954
0.0226593145919438,0.0226761255643546,0.0227937467841515
0.0226595018784494,0.022675846817509,0.0227923361955851
0.0226597010340179,0.0226755629746051,0.022790894845741
0.0226599120351759,0.0226752748933365,0.0227894238727085
0.0226601348709311,0.0226749834563336,0.0227879244410216
0.0226603695317179,0.0226746895587562,0.0227863977296365
0.0226606159991743,0.0226743940967046,0.022784844920741
0.0226608742433367,0.0226740979630441,0.0227832671959741
0.0226611442241939,0.0226738020476039,0.0227816657369759
0.022661425888205,0.0226735072323496,0.022780041720896
0.0226617191548604,0.0226732143765971,0.02277839630596
0.0226620238994962,0.0226729242985489,0.0227767306132574
0.0226623399445716,0.0226726377654968,0.0227750457168378
0.0226626670653632,0.0226723554987558,0.0227733426479716
0.0226630050029971,0.0226720781861929,0.0227716224065472
0.0226633534707895,0.022671806488084,0.0227698859658072
0.0226637121460962,0.0226715410281966,0.0227681342629072
0.0226640806531616,0.0226712823754088,0.0227663681809525
0.0226644585498076,0.0226710310287425,0.0227645885353045
0.0226648453256821,0.0226707874137225,0.0227627960716831
0.022665240408489,0.0226705518866805,0.0227609914722946
0.0226656431691533,0.0226703247380633,0.0227591753608383
0.0226660529222638,0.0226701061911133,0.0227573483027154
0.0226664689275776,0.0226698964017254,0.0227555108062047
0.0226668904008645,0.0226696954677909,0.0227536633328466
0.0226673165345607,0.0226695034484996,0.0227518063174981
0.0226677465185282,0.0226693203838125,0.0227499401884417
0.0226681795497008,0.0226691463027431,0.0227480653764665
0.0226686148290362,0.0226689812188007,0.022746182311424
0.0226690515559769,0.0226688251228903,0.0227442914163814
0.0226694889328411,0.022668677986312,0.0227423931115919
0.022669926181811,0.0226685397767263,0.022740487830774
0.0226703625650138,0.0226684104775927,0.0227385760401893
0.0226707973954914,0.0226682900986964,0.0227366582485004
0.0226712300357453,0.0226681786741913,0.0227347350043423
0.0226716598913848,0.0226680762555159,0.0227328068892938
0.022672086409177,0.0226679829084494,0.0227308745155652
0.0226725090805825,0.0226678987154498,0.0227289385294179
0.0226729274434332,0.0226678237759994,0.0227269996129093
0.0226733410753889,0.0226677581986517,0.022725058477538
0.0226737495822428,0.0226677020879567,0.0227231158527674
0.0226741525916398,0.0226676555369994,0.0227211724798251
0.0226745497595617,0.0226676186330704,0.0227192291179716
0.0226749407853412,0.0226675914722708,0.0227172865589592
0.0226753254222434,0.0226675741699579,0.0227153456368506
0.0226757034736554,0.0226675668568525,0.0227134072234507
0.0226760747770341,0.0226675696628256,0.0227114722116362
0.0226764391874059,0.0226675827002175,0.0227095414983242
0.0226767965703706,0.0226676060568413,0.0227076159768479
0.022677146803782,0.0226676397980312,0.0227056965377427
0.0226774897788679,0.02266768396854,0.0227037840686805
0.0226778253938209,0.0226677385872207,0.0227018794466879
0.0226781535425919,0.0226678036370739,0.0226999835255246
0.0226784741076748,0.0226678790593387,0.022698097127113
0.0226787869612602,0.0226679647559185,0.0226962210414626
0.0226790919691071,0.0226680605943904,0.0226943560295236
0.0226793889871209,0.0226681664054632,0.0226925028190645
0.0226796778474152,0.022668281969607,0.0226906620903975
0.0226799583421193,0.0226684070012173,0.0226888344601162
0.0226802302176087,0.0226685411432269,0.0226870204752785
0.0226804931842588,0.0226686839775143,0.0226852206229043
0.0226807469343592,0.0226688350438253,0.0226834353473345
0.0226809911553583,0.0226689938542563,0.0226816650627435
0.0226812255319977,0.0226691598966395,0.0226799101545716
0.0226814497422739,0.0226693326316139,0.0226781709749584
0.0226816634571715,0.02266951149333,0.0226764478421146
0.0226818663483986,0.0226696958981196,0.0226747410477643
0.0226820580987724,0.0226698852558729,0.0226730508672235
0.0226822384070956,0.0226700789759889,0.0226713775639426
0.0226824069863543,0.0226702764667245,0.0226697213873616
0.0226825635630231,0.0226704771357374,0.0226680825718546
0.0226827078858176,0.0226706804001829,0.022666461345087
0.0226828397429007,0.022670885705308,0.0226648579448359
0.0226829589766729,0.022671092540491,0.0226632726335703
0.022683065485409,0.0226713004417463,0.022661705700276
0.0226831592116663,0.0226715089804752,0.0226601574495769
0.0226832401283341,0.0226717177494015,0.0226586281889421
0.0226833082338758,0.0226719263574986,0.0226571182252789
0.0226833635585377,0.0226721344359575,0.022655627872411
0.0226834061730988,0.0226723416469109,0.0226541574608831
0.0226834361909376,0.0226725476856664,0.0226527073408924
0.0226834537626046,0.022672752275536,0.0226512778776334
0.0226834590702022,0.0226729551624995,0.0226498694464126
0.0226834523280266,0.0226731561161551,0.0226484824339856
0.0226834337873066,0.0226733549347963,0.0226471172439463
0.0226834037361924,0.0226735514457404,0.0226457742973504
0.0226833624892464,0.0226737454951387,0.0226444540228655
0.0226833103710061,0.0226739369318912,0.0226431568409708
0.0226832477050135,0.0226741255972149,0.0226418831534701
0.0226831748153704,0.0226743113270689,0.0226406333452339
0.0226830920360738,0.0226744939626978,0.0226394077934262
0.0226829997157454,0.022674673356712,0.0226382068720113
0.0226828982095088,0.0226748493661722,0.0226370309435628
0.0226827878614595,0.0226750218359207,0.022635880342007
0.0226826689888154,0.0226751905832401,0.0226347553573754
0.022682541875438,0.0226753553916874,0.0226336562300962
0.0226824067724719,0.0226755160120371,0.0226325831523858
0.0226822638981303,0.0226756721624739,0.0226315362686644
0.0226821134327737,0.0226758235242227,0.022630515671101
0.0226819555142222,0.0226759697375927,0.0226295213952066
0.0226817902415762,0.0226761104067468,0.0226285534236983
0.0226816176893844,0.0226762451150444,0.0226276117004729
0.0226814379241137,0.0226763734428094,0.0226266961467341
0.0226812510119799,0.0226764949764097,0.0226258066685062
0.0226810570150225,0.0226766093054043,0.0226249431525457
0.0226808559835583,0.0226767160159264,0.0226241054587636
0.022680647956701,0.0226768146921746,0.0226232934206719
0.0226804329748671,0.0226769049301295,0.0226225068575975
0.0226802110968637,0.0226769863561354,0.0226217455912203
0.0226799824104777,0.022677058639117,0.0226210094555066
0.02267974703262,0.0226771214922396,0.0226202982963245
0.022679505105093,0.0226771746698908,0.0226196119669805
0.0226792567945455,0.0226772179684822,0.022618950328289
0.0226790022982233,0.0226772512326991,0.0226183132547469
0.0226787418489389,0.0226772743606544,0.0226177006401965
0.0226784757125604,0.0226772873012828,0.0226171123962407
0.0226782041796073,0.0226772900456491,0.0226165484449124
0.0226779275602876,0.0226772826216773,0.0226160087147706
0.0226776461907601,0.0226772651002665,0.0226154931480237
0.0226773604482651,0.0226772376105143,0.0226150017162531
0.0226770707638065,0.022677200352618,0.0226145344335209
0.0226767776222684,0.0226771535981188,0.0226140913569626
0.022676481550282,0.0226770976776371,0.0226136725753393
0.0226761831017389,0.0226770329660075,0.0226132781954389
0.0226758828504765,0.0226769598745085,0.0226129083356887
0.0226755813903848,0.0226768788506275,0.0226125631270558
0.0226752793349527,0.0226767903774567,0.0226122427131908
0.0226749773094546,0.0226766949658682,0.0226119472430744
0.0226746759376679,0.0226765931412606,0.0226116768581596
0.0226743758313097,0.0226764854329847,0.0226114316822651
0.0226740775871925,0.0226763723713913,0.0226112118192612
0.0226737817878451,0.0226762544881632,0.0226110173543652
0.0226734889962706,0.0226761323104803,0.0226108483498201
0.0226731997406308,0.0226760063447374,0.0226107048308111
0.0226729144952255,0.0226758770562671,0.0226105867679021
0.0226726336694288,0.0226757448569687,0.022610494067421
0.022672357610609,0.0226756101071458,0.0226104265755546
0.0226720866157303,0.0226754731263895,0.0226103840907211
0.0226718209402041,0.0226753342020066,0.0226103663728577
0.0226715607972374,0.02267519358805,0.0226103731430611
0.0226713063512714,0.0226750514983854,0.0226104040773249
0.0226710577146249,0.0226749081028836,0.0226104588035147
0.0226708149520513,0.0226747635315225,0.0226105369062196
0.0226705780889797,0.0226746178822458,0.0226106379351853
0.0226703471157044,0.0226744712248694,0.0226107614095844
0.0226701219855983,0.0226743235991127,0.0226109068162109
0.0226699026140615,0.0226741750135004,0.0226110736082926
0.0226696888865327,0.0226740254535051,0.0226112612132034
0.0226694806759422,0.0226738748992886,0.0226114690494758
0.0226692778603406,0.0226737233436144,0.022611696543994
0.0226690803301952,0.0226735707991787,0.0226119431390896
0.0226688879837462,0.0226734172935696,0.0226122082880982
0.0226687007192847,0.0226732628607355,0.0226124914482122
0.0226685184351294,0.0226731075399509,0.0226127920811976
0.0226683410399665,0.0226729513852114,0.022613109664383
0.0226681684664834,0.0226727944781446,0.0226134437047015
0.0226680006793811,0.022672636935525,0.0226137937468831
0.0226678376759728,0.0226724789095131,0.0226141593740904
0.0226676794855508,0.0226723205867326,0.0226145402072488
0.022667526173934,0.0226721621925769,0.0226149359095018
0.0226673778520239,0.0226720039995509,0.0226153461946421
0.022667234680311,0.0226718463315313,0.0226157708315193
0.0226670968630952,0.0226716895576496,0.0226162096382623
0.0226669646354822,0.0226715340788855,0.0226166624693617
0.0226668382534308,0.0226713803177849,0.0226171292057636
0.0226667179943247,0.022671228718944,0.0226176097552948
0.0226666041649832,0.0226710797572217,0.0226181040602874
0.0226664971060816,0.0226709339425019,0.0226186121015158
0.0226663971845113,0.0226707918122702,0.0226191338902279
0.0226663047755785,0.0226706539136868,0.0226196694503659
0.0226662202447841,0.0226705207848571,0.0226202188007409
0.0226661439369646,0.0226703929432062,0.022620781944807
0.0226660761717671,0.0226702708801026,0.0226213588668349
0.0226660172384276,0.0226701550548218,0.0226219495273376
0.0226659673857085,0.0226700458837658,0.0226225538535507
0.0226659268109546,0.0226699437289536,0.0226231717288781
0.0226658956562373,0.0226698488938215,0.0226238029892044
0.0226658740144777,0.0226697616292512,0.0226244474289366
0.022665861939079,0.0226696821432743,0.0226251048103817
0.0226658594467748,0.022669610603985,0.0226257748663406
0.0226658665096896,0.022669547131499,0.0226264572920676
0.0226658830432468,0.0226694917855951,0.0226271517332399
0.022665908901049,0.0226694445603278,0.0226278577809072
0.0226659438816902,0.0226694053907802,0.0226285749781874
0.0226659877418484,0.0226693741663966,0.0226293028329759
0.0226660402054884,0.0226693507406284,0.0226300408266011
0.0226661009645881,0.0226693349320985,0.0226307884140325
0.0226661696760971,0.0226693265218186,0.022631545020516
0.0226662459630734,0.0226693252543288,0.0226323100426339
0.0226663294222595,0.022669330845029,0.0226330828560315
0.0226664196325325,0.0226693429881498,0.022633862824219
0.0226665161575687,0.0226693613587252,0.0226346493017684
0.0226666185431651,0.022669385609083,0.0226354416322787
0.022666726317394,0.0226694153681986,0.0226362391491249
0.0226668390014853,0.02266945025201,0.0226370411866925
0.0226669561304521,0.0226694898838188,0.0226378471010109
0.0226670772733919,0.0226695339146313,0.022638656289797
0.022667202043133,0.0226695820328949,0.0226394682017915
0.0226673300938941,0.0226696339621023,0.022640282334246
0.0226674611151611,0.0226696894544329,0.0226410982268037
0.0226675948309383,0.0226697482897162,0.0226419154608081
0.0226677310056484,0.0226698102811689,0.0226427336651569
0.0226678694498769,0.0226698752811879,0.0226435525218208
0.022668010019239,0.0226699431804565,0.0226443717643434
0.0226681526072332,0.0226700139011481,0.0226451911702658
0.0226682971393053,0.0226700873913968,0.0226460105547524
0.022668443573284,0.0226701636261475,0.0226468297706109
0.0226685919029658,0.0226702426110838,0.0226476487115512
0.0226687421561042,0.0226703243807512,0.022648467310057
0.0226688943818037,0.0226704089857755,0.0226492855249609
0.0226690486320812,0.022670496473979,0.0226501033234432
0.022669204948409,0.0226705868764212,0.0226509206680602
0.0226693633601128,0.0226706802055131,0.0226517375154091
0.0226695238911836,0.0226707764619341,0.0226525538228318
0.0226696865652961,0.0226708756401102,0.0226533695529862
0.0226698514018822,0.0226709777249279,0.0226541846693088
0.0226700184054352,0.0226710826816893,0.0226549991247075
0.0226701875562098,0.022671190447412,0.022655812851707
0.0226703588074363,0.0226713009286305,0.0226566257591254
0.0226705320860418,0.0226714140027416,0.0226574377322321
0.0226707072899153,0.0226715295159418,0.022658248629423
0.0226708842794544,0.022671647275491,0.0226590582731618
0.0226710628693479,0.0226717670422974,0.0226598664411163
0.0226712428289803,0.0226718885322739,0.0226606728658069
0.0226714238931322,0.0226720114281496,0.0226614772444285
0.0226716057752291,0.0226721353938583,0.0226622792512152
0.0226717881729019,0.0226722600810235,0.0226630785423322
0.0226719707628791,0.0226723851243538,0.0226638747505035
0.0226721531922636,0.0226725101329674,0.022664667476443
0.0226723350763701,0.0226726346879958,0.022665456287093
0.0226725160068736,0.0226727583504663,0.0226662407241691
0.0226726955648293,0.0226728806741977,0.0226670203174118
