0.040333333333	0.000000000000	-0.000000000000	-0.000000008275	-0.000000008275	0.000000000002	0.005041666667	0.000000000000	0.000000000000	-0.000000002000	-0.000000002000	-0.000000000009	0.000000000000	0.000000000000	0.000000000000	0.000000000000	0.000000000000	0.000000000000	0.000000000000	0.000000000000	0.000000000000	0.000000000000	0.000000000000	0.000000000000	0.000000000000	0.000000000000	0.000000000000	0.000000000000	0.000000000000	0.000000000000	0.000000000000	0.000000000000	0.000000000000	0.000000000000	0.000000000000	0.000000000000	0.000000000000	0.000000000000	0.000000000000	0.000000000000	0.000000000000	0.000000000000	0.000000000000	0.000000000000	0.000000000000	0.000000000000	0.000000000000	0.000000000000	0.000000000000	0.000000000000	0.000000000000	0.000000000000	0.000000000000	0.000000000000	0.000000000000	0.000000000000	0.000000000000	0.000000000000	0.000000000000	0.000000000000	0.000000000000	0.000000000000	0.000000000000	0.000000000000	0.000000000000	0.000000000000	0.000000000000	0.000000000000	0.000000000000	0.000000000000	0.000000000000	0.000000000000	0.000000000000	0.000000000000	0.000000000000	0.000000000000	0.000000000000	0.000000000000	0.000000000000	0.000000000000	0.000000000000	0.000000000000	0.000000000000	0.000000000000	0.000000000000	0.000000000000	0.000000000000	0.000000000000	0.000000000000	0.000000000000	0.000000000000	0.000000000000	0.000000000000	0.000000000000	0.000000000000	0.000000000000	0.050416666667	0.000000000000	-0.000000000000	-0.000000000000	0.000038965842	-0.003465848791	0.000000000000	0.000000000000	0.000000000000	0.000000000000
0.000000000000	0.040333333333	0.000000000000	0.000000135262	0.000000033409	0.000014115708	0.000000000000	0.005041666667	-0.000000000000	0.000000030840	0.000000007569	0.000001764250	0.000000000000	0.000000000000	0.000000000000	0.000000000000	0.000000000000	0.000000000000	0.000000000000	0.000000000000	0.000000000000	0.000000000000	0.000000000000	0.000000000000	0.000000000000	0.000000000000	0.000000000000	0.000000000000	0.000000000000	0.000000000000	0.000000000000	0.000000000000	0.000000000000	0.000000000000	0.000000000000	0.000000000000	0.000000000000	0.000000000000	0.000000000000	0.000000000000	0.000000000000	0.000000000000	0.000000000000	0.000000000000	0.000000000000	0.000000000000	0.000000000000	0.000000000000	0.000000000000	0.000000000000	0.000000000000	0.000000000000	0.000000000000	0.000000000000	0.000000000000	0.000000000000	0.000000000000	0.000000000000	0.000000000000	0.000000000000	0.000000000000	0.000000000000	0.000000000000	0.000000000000	0.000000000000	0.000000000000	0.000000000000	0.000000000000	0.000000000000	0.000000000000	0.000000000000	0.000000000000	0.000000000000	0.000000000000	0.000000000000	0.000000000000	0.000000000000	0.000000000000	0.000000000000	0.000000000000	0.000000000000	0.000000000000	0.000000000000	0.000000000000	0.000000000000	0.000000000000	0.000000000000	0.000000000000	0.000000000000	0.000000000000	0.000000000000	0.000000000000	0.000000000000	0.000000000000	0.000000000000	0.000000000000	0.000000000000	0.050416666667	0.000000000000	-0.000038965842	0.000000000000	0.000017671910	0.000000000000	0.000000000000	0.000000000000	0.000000000000
-0.000000000000	0.000000000000	0.040333333333	-0.000008985889	-0.000008986927	0.000000130539	-0.000000000000	-0.000000000000	0.005041666667	-0.000001122995	-0.000001123364	0.000000029698	0.000000000000	0.000000000000	0.000000000000	0.000000000000	0.000000000000	0.000000000000	0.000000000000	0.000000000000	0.000000000000	0.000000000000	0.000000000000	0.000000000000	0.000000000000	0.000000000000	0.000000000000	0.000000000000	0.000000000000	0.000000000000	0.000000000000	0.000000000000	0.000000000000	0.000000000000	0.000000000000	0.000000000000	0.000000000000	0.000000000000	0.000000000000	0.000000000000	0.000000000000	0.000000000000	0.000000000000	0.000000000000	0.000000000000	0.000000000000	0.000000000000	0.000000000000	0.000000000000	0.000000000000	0.000000000000	0.000000000000	0.000000000000	0.000000000000	0.000000000000	0.000000000000	0.000000000000	0.000000000000	0.000000000000	0.000000000000	0.000000000000	0.000000000000	0.000000000000	0.000000000000	0.000000000000	0.000000000000	0.000000000000	0.000000000000	0.000000000000	0.000000000000	0.000000000000	0.000000000000	0.000000000000	0.000000000000	0.000000000000	0.000000000000	0.000000000000	0.000000000000	0.000000000000	0.000000000000	0.000000000000	0.000000000000	0.000000000000	0.000000000000	0.000000000000	0.000000000000	0.000000000000	0.000000000000	0.000000000000	0.000000000000	0.000000000000	0.000000000000	0.000000000000	0.000000000000	0.000000000000	0.000000000000	-0.000000000000	0.000000000000	0.050416666667	0.003465848791	-0.000017671910	0.000000000000	0.000000000000	0.000000000000	0.000000000000	0.000000000000
-0.000000008275	0.000000135262	-0.000008985889	0.000013509256	0.000004507208	-0.000000435425	-0.000000002000	0.000000030840	-0.000001122995	0.000001688891	0.000000564377	-0.000000097271	0.000000000000	0.000000000000	0.000000000000	0.000000000000	0.000000000000	0.000000000000	0.000000000000	0.000000000000	0.000000000000	0.000000000000	0.000000000000	0.000000000000	0.000000000000	0.000000000000	0.000000000000	0.000000000000	0.000000000000	0.000000000000	0.000000000000	0.000000000000	0.000000000000	0.000000000000	0.000000000000	0.000000000000	0.000000000000	0.000000000000	0.000000000000	0.000000000000	0.000000000000	0.000000000000	0.000000000000	0.000000000000	0.000000000000	0.000000000000	0.000000000000	0.000000000000	0.000000000000	0.000000000000	0.000000000000	0.000000000000	0.000000000000	0.000000000000	0.000000000000	0.000000000000	0.000000000000	0.000000000000	0.000000000000	0.000000000000	0.000000000000	0.000000000000	0.000000000000	0.000000000000	0.000000000000	0.000000000000	0.000000000000	0.000000000000	0.000000000000	0.000000000000	0.000000000000	0.000000000000	0.000000000000	0.000000000000	0.000000000000	0.000000000000	0.000000000000	0.000000000000	0.000000000000	0.000000000000	0.000000000000	0.000000000000	0.000000000000	0.000000000000	0.000000000000	0.000000000000	0.000000000000	0.000000000000	0.000000000000	0.000000000000	0.000000000000	0.000000000000	0.000000000000	0.000000000000	0.000000000000	0.000000000000	-0.000000010295	0.000000166952	-0.000011232294	0.000008068160	0.000017692777	-0.000000355965	0.000000000000	0.000000000000	0.000000000000	0.000000000000
-0.000000008275	0.000000033409	-0.000008986927	0.000004507208	0.000013530690	-0.000002317369	-0.000000002000	0.000000007569	-0.000001123364	0.000000564377	0.000001696354	-0.000000527170	0.000000000000	0.000000000000	0.000000000000	0.000000000000	0.000000000000	0.000000000000	0.000000000000	0.000000000000	0.000000000000	0.000000000000	0.000000000000	0.000000000000	0.000000000000	0.000000000000	0.000000000000	0.000000000000	0.000000000000	0.000000000000	0.000000000000	0.000000000000	0.000000000000	0.000000000000	0.000000000000	0.000000000000	0.000000000000	0.000000000000	0.000000000000	0.000000000000	0.000000000000	0.000000000000	0.000000000000	0.000000000000	0.000000000000	0.000000000000	0.000000000000	0.000000000000	0.000000000000	0.000000000000	0.000000000000	0.000000000000	0.000000000000	0.000000000000	0.000000000000	0.000000000000	0.000000000000	0.000000000000	0.000000000000	0.000000000000	0.000000000000	0.000000000000	0.000000000000	0.000000000000	0.000000000000	0.000000000000	0.000000000000	0.000000000000	0.000000000000	0.000000000000	0.000000000000	0.000000000000	0.000000000000	0.000000000000	0.000000000000	0.000000000000	0.000000000000	0.000000000000	0.000000000000	0.000000000000	0.000000000000	0.000000000000	0.000000000000	0.000000000000	0.000000000000	0.000000000000	0.000000000000	0.000000000000	0.000000000000	0.000000000000	0.000000000000	0.000000000000	0.000000000000	0.000000000000	0.000000000000	0.000000000000	-0.000000010295	0.000000041202	-0.000011233658	-0.000009616337	0.000017740324	-0.000002714464	0.000000000000	0.000000000000	0.000000000000	0.000000000000
0.000000000002	0.000014115708	0.000000130539	-0.000000435425	-0.000002317369	0.000266607165	-0.000000000009	0.000001764250	0.000000029698	-0.000000097271	-0.000000527170	0.000033318603	0.000000000000	0.000000000000	0.000000000000	0.000000000000	0.000000000000	0.000000000000	0.000000000000	0.000000000000	0.000000000000	0.000000000000	0.000000000000	0.000000000000	0.000000000000	0.000000000000	0.000000000000	0.000000000000	0.000000000000	0.000000000000	0.000000000000	0.000000000000	0.000000000000	0.000000000000	0.000000000000	0.000000000000	0.000000000000	0.000000000000	0.000000000000	0.000000000000	0.000000000000	0.000000000000	0.000000000000	0.000000000000	0.000000000000	0.000000000000	0.000000000000	0.000000000000	0.000000000000	0.000000000000	0.000000000000	0.000000000000	0.000000000000	0.000000000000	0.000000000000	0.000000000000	0.000000000000	0.000000000000	0.000000000000	0.000000000000	0.000000000000	0.000000000000	0.000000000000	0.000000000000	0.000000000000	0.000000000000	0.000000000000	0.000000000000	0.000000000000	0.000000000000	0.000000000000	0.000000000000	0.000000000000	0.000000000000	0.000000000000	0.000000000000	0.000000000000	0.000000000000	0.000000000000	0.000000000000	0.000000000000	0.000000000000	0.000000000000	0.000000000000	0.000000000000	0.000000000000	0.000000000000	0.000000000000	0.000000000000	0.000000000000	0.000000000000	0.000000000000	0.000000000000	0.000000000000	0.000000000000	0.000000000000	0.000000000001	0.000017644576	0.000000161076	0.000000264288	-0.000005754229	0.000333219418	0.000000000000	0.000000000000	0.000000000000	0.000000000000
0.005041666667	0.000000000000	-0.000000000000	-0.000000002000	-0.000000002000	-0.000000000009	0.020166666667	-0.000000000000	0.000000000000	-0.000000007892	-0.000000007892	-0.000000000016	0.005041666667	-0.000000000000	0.000000000000	-0.000000002013	-0.000000002013	0.000000000001	-0.002520833333	-0.000000000000	-0.000000000000	0.000000001367	0.000000001367	0.000000000004	0.000000000000	0.000000000000	0.000000000000	0.000000000000	0.000000000000	0.000000000000	0.000000000000	0.000000000000	0.000000000000	0.000000000000	0.000000000000	0.000000000000	0.000000000000	0.000000000000	0.000000000000	0.000000000000	0.000000000000	0.000000000000	0.000000000000	0.000000000000	0.000000000000	0.000000000000	0.000000000000	0.000000000000	0.000000000000	0.000000000000	0.000000000000	0.000000000000	0.000000000000	0.000000000000	0.000000000000	0.000000000000	0.000000000000	0.000000000000	0.000000000000	0.000000000000	0.000000000000	0.000000000000	0.000000000000	0.000000000000	0.000000000000	0.000000000000	0.000000000000	0.000000000000	0.000000000000	0.000000000000	0.000000000000	0.000000000000	0.000000000000	0.000000000000	0.000000000000	0.000000000000	0.000000000000	0.000000000000	0.000000000000	0.000000000000	0.000000000000	0.000000000000	0.000000000000	0.000000000000	0.000000000000	0.000000000000	0.000000000000	0.000000000000	0.000000000000	0.000000000000	0.000000000000	0.000000000000	0.000000000000	0.000000000000	0.000000000000	0.000000000000	0.025208333333	-0.000000000000	0.000000000000	0.000000000000	0.000057131240	-0.003465560141	0.000000000000	0.000000000000	0.000000000000	0.000000000000
0.000000000000	0.005041666667	-0.000000000000	0.000000030840	0.000000007569	0.000001764250	-0.000000000000	0.020166666667	-0.000000000000	0.000000119182	0.000000029183	0.000007056941	-0.000000000000	0.005041666667	-0.000000000000	0.000000030600	0.000000007498	0.000001764230	-0.000000000000	-0.002520833333	0.000000000000	-0.000000019101	-0.000000004634	-0.000000882004	0.000000000000	0.000000000000	0.000000000000	0.000000000000	0.000000000000	0.000000000000	0.000000000000	0.000000000000	0.000000000000	0.000000000000	0.000000000000	0.000000000000	0.000000000000	0.000000000000	0.000000000000	0.000000000000	0.000000000000	0.000000000000	0.000000000000	0.000000000000	0.000000000000	0.000000000000	0.000000000000	0.000000000000	0.000000000000	0.000000000000	0.000000000000	0.000000000000	0.000000000000	0.000000000000	0.000000000000	0.000000000000	0.000000000000	0.000000000000	0.000000000000	0.000000000000	0.000000000000	0.000000000000	0.000000000000	0.000000000000	0.000000000000	0.000000000000	0.000000000000	0.000000000000	0.000000000000	0.000000000000	0.000000000000	0.000000000000	0.000000000000	0.000000000000	0.000000000000	0.000000000000	0.000000000000	0.000000000000	0.000000000000	0.000000000000	0.000000000000	0.000000000000	0.000000000000	0.000000000000	0.000000000000	0.000000000000	0.000000000000	0.000000000000	0.000000000000	0.000000000000	0.000000000000	0.000000000000	0.000000000000	0.000000000000	0.000000000000	0.000000000000	-0.000000000000	0.025208333333	0.000000000000	-0.000057131240	-0.000000000000	0.000008854549	0.000000000000	0.000000000000	0.000000000000	0.000000000000
-0.000000000000	-0.000000000000	0.005041666667	-0.000001122995	-0.000001123364	0.000000029698	0.000000000000	0.000000000000	0.020166666667	-0.000004491921	-0.000004493450	0.000000114678	0.000000000000	0.000000000000	0.005041666667	-0.000001122977	-0.000001123361	0.000000029451	-0.000000000000	-0.000000000000	-0.002520833333	0.000000561362	0.000000561680	-0.000000018321	0.000000000000	0.000000000000	0.000000000000	0.000000000000	0.000000000000	0.000000000000	0.000000000000	0.000000000000	0.000000000000	0.000000000000	0.000000000000	0.000000000000	0.000000000000	0.000000000000	0.000000000000	0.000000000000	0.000000000000	0.000000000000	0.000000000000	0.000000000000	0.000000000000	0.000000000000	0.000000000000	0.000000000000	0.000000000000	0.000000000000	0.000000000000	0.000000000000	0.000000000000	0.000000000000	0.000000000000	0.000000000000	0.000000000000	0.000000000000	0.000000000000	0.000000000000	0.000000000000	0.000000000000	0.000000000000	0.000000000000	0.000000000000	0.000000000000	0.000000000000	0.000000000000	0.000000000000	0.000000000000	0.000000000000	0.000000000000	0.000000000000	0.000000000000	0.000000000000	0.000000000000	0.000000000000	0.000000000000	0.000000000000	0.000000000000	0.000000000000	0.000000000000	0.000000000000	0.000000000000	0.000000000000	0.000000000000	0.000000000000	0.000000000000	0.000000000000	0.000000000000	0.000000000000	0.000000000000	0.000000000000	0.000000000000	0.000000000000	0.000000000000	0.000000000000	-0.000000000000	0.025208333333	0.003465560141	-0.000008854549	-0.000000000000	0.000000000000	0.000000000000	0.000000000000	0.000000000000
-0.000000002000	0.000000030840	-0.000001122995	0.000001688891	0.000000564377	-0.000000097271	-0.000000007892	0.000000119182	-0.000004491921	0.000006755621	0.000002257728	-0.000000373068	-0.000000002013	0.000000030600	-0.000001122977	0.000001688918	0.000000564468	-0.000000096014	0.000000001367	-0.000000019101	0.000000561362	-0.000000844564	-0.000000282697	0.000000057996	0.000000000000	0.000000000000	0.000000000000	0.000000000000	0.000000000000	0.000000000000	0.000000000000	0.000000000000	0.000000000000	0.000000000000	0.000000000000	0.000000000000	0.000000000000	0.000000000000	0.000000000000	0.000000000000	0.000000000000	0.000000000000	0.000000000000	0.000000000000	0.000000000000	0.000000000000	0.000000000000	0.000000000000	0.000000000000	0.000000000000	0.000000000000	0.000000000000	0.000000000000	0.000000000000	0.000000000000	0.000000000000	0.000000000000	0.000000000000	0.000000000000	0.000000000000	0.000000000000	0.000000000000	0.000000000000	0.000000000000	0.000000000000	0.000000000000	0.000000000000	0.000000000000	0.000000000000	0.000000000000	0.000000000000	0.000000000000	0.000000000000	0.000000000000	0.000000000000	0.000000000000	0.000000000000	0.000000000000	0.000000000000	0.000000000000	0.000000000000	0.000000000000	0.000000000000	0.000000000000	0.000000000000	0.000000000000	0.000000000000	0.000000000000	0.000000000000	0.000000000000	0.000000000000	0.000000000000	0.000000000000	0.000000000000	0.000000000000	0.000000000000	-0.000000010034	0.000000153598	-0.000005614930	0.000003647396	0.000008855391	-0.000000317609	0.000000000000	0.000000000000	0.000000000000	0.000000000000
-0.000000002000	0.000000007569	-0.000001123364	0.000000564377	0.000001696354	-0.000000527170	-0.000000007892	0.000000029183	-0.000004493450	0.000002257728	0.000006786782	-0.000002035613	-0.000000002013	0.000000007498	-0.000001123361	0.000000564468	0.000001696824	-0.000000522774	0.000000001367	-0.000000004634	0.000000561680	-0.000000282697	-0.000000850998	0.000000325179	0.000000000000	0.000000000000	0.000000000000	0.000000000000	0.000000000000	0.000000000000	0.000000000000	0.000000000000	0.000000000000	0.000000000000	0.000000000000	0.000000000000	0.000000000000	0.000000000000	0.000000000000	0.000000000000	0.000000000000	0.000000000000	0.000000000000	0.000000000000	0.000000000000	0.000000000000	0.000000000000	0.000000000000	0.000000000000	0.000000000000	0.000000000000	0.000000000000	0.000000000000	0.000000000000	0.000000000000	0.000000000000	0.000000000000	0.000000000000	0.000000000000	0.000000000000	0.000000000000	0.000000000000	0.000000000000	0.000000000000	0.000000000000	0.000000000000	0.000000000000	0.000000000000	0.000000000000	0.000000000000	0.000000000000	0.000000000000	0.000000000000	0.000000000000	0.000000000000	0.000000000000	0.000000000000	0.000000000000	0.000000000000	0.000000000000	0.000000000000	0.000000000000	0.000000000000	0.000000000000	0.000000000000	0.000000000000	0.000000000000	0.000000000000	0.000000000000	0.000000000000	0.000000000000	0.000000000000	0.000000000000	0.000000000000	0.000000000000	0.000000000000	-0.000000010034	0.000000037668	-0.000005616812	-0.000005197069	0.000008920424	-0.000002490646	0.000000000000	0.000000000000	0.000000000000	0.000000000000
-0.000000000009	0.000001764250	0.000000029698	-0.000000097271	-0.000000527170	0.000033318603	-0.000000000016	0.000007056941	0.000000114678	-0.000000373068	-0.000002035613	0.000133272454	0.000000000001	0.000001764230	0.000000029451	-0.000000096014	-0.000000522774	0.000033317920	0.000000000004	-0.000000882004	-0.000000018321	0.000000057996	0.000000325179	-0.000016655224	0.000000000000	0.000000000000	0.000000000000	0.000000000000	0.000000000000	0.000000000000	0.000000000000	0.000000000000	0.000000000000	0.000000000000	0.000000000000	0.000000000000	0.000000000000	0.000000000000	0.000000000000	0.000000000000	0.000000000000	0.000000000000	0.000000000000	0.000000000000	0.000000000000	0.000000000000	0.000000000000	0.000000000000	0.000000000000	0.000000000000	0.000000000000	0.000000000000	0.000000000000	0.000000000000	0.000000000000	0.000000000000	0.000000000000	0.000000000000	0.000000000000	0.000000000000	0.000000000000	0.000000000000	0.000000000000	0.000000000000	0.000000000000	0.000000000000	0.000000000000	0.000000000000	0.000000000000	0.000000000000	0.000000000000	0.000000000000	0.000000000000	0.000000000000	0.000000000000	0.000000000000	0.000000000000	0.000000000000	0.000000000000	0.000000000000	0.000000000000	0.000000000000	0.000000000000	0.000000000000	0.000000000000	0.000000000000	0.000000000000	0.000000000000	0.000000000000	0.000000000000	0.000000000000	0.000000000000	0.000000000000	0.000000000000	0.000000000000	0.000000000000	-0.000000000020	0.000008821200	0.000000147871	0.000000258954	-0.000005277592	0.000166540153	0.000000000000	0.000000000000	0.000000000000	0.000000000000
0.000000000000	0.000000000000	0.000000000000	0.000000000000	0.000000000000	0.000000000000	0.005041666667	-0.000000000000	0.000000000000	-0.000000002013	-0.000000002013	0.000000000001	0.040333333333	-0.000000000000	0.000000000000	-0.000000022194	-0.000000022193	-0.000000000054	0.005041666667	0.000000000000	0.000000000000	-0.000000003454	-0.000000003454	-0.000000000015	0.000000000000	0.000000000000	0.000000000000	0.000000000000	0.000000000000	0.000000000000	0.000000000000	0.000000000000	0.000000000000	0.000000000000	0.000000000000	0.000000000000	0.000000000000	0.000000000000	0.000000000000	0.000000000000	0.000000000000	0.000000000000	0.000000000000	0.000000000000	0.000000000000	0.000000000000	0.000000000000	0.000000000000	0.000000000000	0.000000000000	0.000000000000	0.000000000000	0.000000000000	0.000000000000	0.000000000000	0.000000000000	0.000000000000	0.000000000000	0.000000000000	0.000000000000	0.000000000000	0.000000000000	0.000000000000	0.000000000000	0.000000000000	0.000000000000	0.000000000000	0.000000000000	0.000000000000	0.000000000000	0.000000000000	0.000000000000	0.000000000000	0.000000000000	0.000000000000	0.000000000000	0.000000000000	0.000000000000	0.000000000000	0.000000000000	0.000000000000	0.000000000000	0.000000000000	0.000000000000	0.000000000000	0.000000000000	0.000000000000	0.000000000000	0.000000000000	0.000000000000	0.000000000000	0.000000000000	0.000000000000	0.000000000000	0.000000000000	0.000000000000	0.050416666667	-0.000000000000	0.000000000000	0.000000000000	0.000254710614	-0.010394515804	0.000000000000	0.000000000000	0.000000000000	0.000000000000
0.000000000000	0.000000000000	0.000000000000	0.000000000000	0.000000000000	0.000000000000	-0.000000000000	0.005041666667	-0.000000000000	0.000000030600	0.000000007498	0.000001764230	-0.000000000000	0.040333333333	0.000000000000	0.000000311720	0.000000075669	0.000014111975	0.000000000000	0.005041666667	-0.000000000000	0.000000045805	0.000000011037	0.000001763788	0.000000000000	0.000000000000	0.000000000000	0.000000000000	0.000000000000	0.000000000000	0.000000000000	0.000000000000	0.000000000000	0.000000000000	0.000000000000	0.000000000000	0.000000000000	0.000000000000	0.000000000000	0.000000000000	0.000000000000	0.000000000000	0.000000000000	0.000000000000	0.000000000000	0.000000000000	0.000000000000	0.000000000000	0.000000000000	0.000000000000	0.000000000000	0.000000000000	0.000000000000	0.000000000000	0.000000000000	0.000000000000	0.000000000000	0.000000000000	0.000000000000	0.000000000000	0.000000000000	0.000000000000	0.000000000000	0.000000000000	0.000000000000	0.000000000000	0.000000000000	0.000000000000	0.000000000000	0.000000000000	0.000000000000	0.000000000000	0.000000000000	0.000000000000	0.000000000000	0.000000000000	0.000000000000	0.000000000000	0.000000000000	0.000000000000	0.000000000000	0.000000000000	0.000000000000	0.000000000000	0.000000000000	0.000000000000	0.000000000000	0.000000000000	0.000000000000	0.000000000000	0.000000000000	0.000000000000	0.000000000000	0.000000000000	0.000000000000	0.000000000000	-0.000000000000	0.050416666667	0.000000000000	-0.000254710614	-0.000000000000	0.000017856033	0.000000000000	0.000000000000	0.000000000000	0.000000000000
0.000000000000	0.000000000000	0.000000000000	0.000000000000	0.000000000000	0.000000000000	0.000000000000	0.000000000000	0.005041666667	-0.000001122977	-0.000001123361	0.000000029451	0.000000000000	0.000000000000	0.040333333333	-0.000008981694	-0.000008986877	0.000000299054	0.000000000000	-0.000000000000	0.005041666667	-0.000001122472	-0.000001123359	0.000000043834	0.000000000000	0.000000000000	0.000000000000	0.000000000000	0.000000000000	0.000000000000	0.000000000000	0.000000000000	0.000000000000	0.000000000000	0.000000000000	0.000000000000	0.000000000000	0.000000000000	0.000000000000	0.000000000000	0.000000000000	0.000000000000	0.000000000000	0.000000000000	0.000000000000	0.000000000000	0.000000000000	0.000000000000	0.000000000000	0.000000000000	0.000000000000	0.000000000000	0.000000000000	0.000000000000	0.000000000000	0.000000000000	0.000000000000	0.000000000000	0.000000000000	0.000000000000	0.000000000000	0.000000000000	0.000000000000	0.000000000000	0.000000000000	0.000000000000	0.000000000000	0.000000000000	0.000000000000	0.000000000000	0.000000000000	0.000000000000	0.000000000000	0.000000000000	0.000000000000	0.000000000000	0.000000000000	0.000000000000	0.000000000000	0.000000000000	0.000000000000	0.000000000000	0.000000000000	0.000000000000	0.000000000000	0.000000000000	0.000000000000	0.000000000000	0.000000000000	0.000000000000	0.000000000000	0.000000000000	0.000000000000	0.000000000000	0.000000000000	0.000000000000	0.000000000000	-0.000000000000	0.050416666667	0.010394515804	-0.000017856033	-0.000000000000	0.000000000000	0.000000000000	0.000000000000	0.000000000000
0.000000000000	0.000000000000	0.000000000000	0.000000000000	0.000000000000	0.000000000000	-0.000000002013	0.000000030600	-0.000001122977	0.000001688918	0.000000564468	-0.000000096014	-0.000000022194	0.000000311720	-0.000008981694	0.000013513166	0.000004523663	-0.000000948439	-0.000000003454	0.000000045805	-0.000001122472	0.000001689340	0.000000566320	-0.000000135968	0.000000000000	0.000000000000	0.000000000000	0.000000000000	0.000000000000	0.000000000000	0.000000000000	0.000000000000	0.000000000000	0.000000000000	0.000000000000	0.000000000000	0.000000000000	0.000000000000	0.000000000000	0.000000000000	0.000000000000	0.000000000000	0.000000000000	0.000000000000	0.000000000000	0.000000000000	0.000000000000	0.000000000000	0.000000000000	0.000000000000	0.000000000000	0.000000000000	0.000000000000	0.000000000000	0.000000000000	0.000000000000	0.000000000000	0.000000000000	0.000000000000	0.000000000000	0.000000000000	0.000000000000	0.000000000000	0.000000000000	0.000000000000	0.000000000000	0.000000000000	0.000000000000	0.000000000000	0.000000000000	0.000000000000	0.000000000000	0.000000000000	0.000000000000	0.000000000000	0.000000000000	0.000000000000	0.000000000000	0.000000000000	0.000000000000	0.000000000000	0.000000000000	0.000000000000	0.000000000000	0.000000000000	0.000000000000	0.000000000000	0.000000000000	0.000000000000	0.000000000000	0.000000000000	0.000000000000	0.000000000000	0.000000000000	0.000000000000	0.000000000000	-0.000000027661	0.000000388124	-0.000011227143	0.000006521232	0.000017729028	-0.000000761477	0.000000000000	0.000000000000	0.000000000000	0.000000000000
0.000000000000	0.000000000000	0.000000000000	0.000000000000	0.000000000000	0.000000000000	-0.000000002013	0.000000007498	-0.000001123361	0.000000564468	0.000001696824	-0.000000522774	-0.000000022193	0.000000075669	-0.000008986877	0.000004523663	0.000013618249	-0.000005307902	-0.000000003454	0.000000011037	-0.000001123359	0.000000566320	0.000001707169	-0.000000777942	0.000000000000	0.000000000000	0.000000000000	0.000000000000	0.000000000000	0.000000000000	0.000000000000	0.000000000000	0.000000000000	0.000000000000	0.000000000000	0.000000000000	0.000000000000	0.000000000000	0.000000000000	0.000000000000	0.000000000000	0.000000000000	0.000000000000	0.000000000000	0.000000000000	0.000000000000	0.000000000000	0.000000000000	0.000000000000	0.000000000000	0.000000000000	0.000000000000	0.000000000000	0.000000000000	0.000000000000	0.000000000000	0.000000000000	0.000000000000	0.000000000000	0.000000000000	0.000000000000	0.000000000000	0.000000000000	0.000000000000	0.000000000000	0.000000000000	0.000000000000	0.000000000000	0.000000000000	0.000000000000	0.000000000000	0.000000000000	0.000000000000	0.000000000000	0.000000000000	0.000000000000	0.000000000000	0.000000000000	0.000000000000	0.000000000000	0.000000000000	0.000000000000	0.000000000000	0.000000000000	0.000000000000	0.000000000000	0.000000000000	0.000000000000	0.000000000000	0.000000000000	0.000000000000	0.000000000000	0.000000000000	0.000000000000	0.000000000000	0.000000000000	-0.000000027660	0.000000094204	-0.000011233598	-0.000011173691	0.000017951153	-0.000006265319	0.000000000000	0.000000000000	0.000000000000	0.000000000000
0.000000000000	0.000000000000	0.000000000000	0.000000000000	0.000000000000	0.000000000000	0.000000000001	0.000001764230	0.000000029451	-0.000000096014	-0.000000522774	0.000033317920	-0.000000000054	0.000014111975	0.000000299054	-0.000000948439	-0.000005307902	0.000266480236	-0.000000000015	0.000001763788	0.000000043834	-0.000000135968	-0.000000777942	0.000033302975	0.000000000000	0.000000000000	0.000000000000	0.000000000000	0.000000000000	0.000000000000	0.000000000000	0.000000000000	0.000000000000	0.000000000000	0.000000000000	0.000000000000	0.000000000000	0.000000000000	0.000000000000	0.000000000000	0.000000000000	0.000000000000	0.000000000000	0.000000000000	0.000000000000	0.000000000000	0.000000000000	0.000000000000	0.000000000000	0.000000000000	0.000000000000	0.000000000000	0.000000000000	0.000000000000	0.000000000000	0.000000000000	0.000000000000	0.000000000000	0.000000000000	0.000000000000	0.000000000000	0.000000000000	0.000000000000	0.000000000000	0.000000000000	0.000000000000	0.000000000000	0.000000000000	0.000000000000	0.000000000000	0.000000000000	0.000000000000	0.000000000000	0.000000000000	0.000000000000	0.000000000000	0.000000000000	0.000000000000	0.000000000000	0.000000000000	0.000000000000	0.000000000000	0.000000000000	0.000000000000	0.000000000000	0.000000000000	0.000000000000	0.000000000000	0.000000000000	0.000000000000	0.000000000000	0.000000000000	0.000000000000	0.000000000000	0.000000000000	0.000000000000	-0.000000000068	0.000017639992	0.000000372338	0.000000713061	-0.000013268609	0.000332927880	0.000000000000	0.000000000000	0.000000000000	0.000000000000
0.000000000000	0.000000000000	0.000000000000	0.000000000000	0.000000000000	0.000000000000	-0.002520833333	-0.000000000000	-0.000000000000	0.000000001367	0.000000001367	0.000000000004	0.005041666667	0.000000000000	0.000000000000	-0.000000003454	-0.000000003454	-0.000000000015	0.020166666667	0.000000000000	0.000000000000	-0.000000013663	-0.000000013662	-0.000000000056	0.005041666667	0.000000000000	0.000000000000	-0.000000003454	-0.000000003453	-0.000000000013	-0.002520833333	-0.000000000000	0.000000000000	0.000000001934	0.000000001934	0.000000000010	0.000000000000	0.000000000000	0.000000000000	0.000000000000	0.000000000000	0.000000000000	0.000000000000	0.000000000000	0.000000000000	0.000000000000	0.000000000000	0.000000000000	0.000000000000	0.000000000000	0.000000000000	0.000000000000	0.000000000000	0.000000000000	0.000000000000	0.000000000000	0.000000000000	0.000000000000	0.000000000000	0.000000000000	0.000000000000	0.000000000000	0.000000000000	0.000000000000	0.000000000000	0.000000000000	0.000000000000	0.000000000000	0.000000000000	0.000000000000	0.000000000000	0.000000000000	0.000000000000	0.000000000000	0.000000000000	0.000000000000	0.000000000000	0.000000000000	0.000000000000	0.000000000000	0.000000000000	0.000000000000	0.000000000000	0.000000000000	0.000000000000	0.000000000000	0.000000000000	0.000000000000	0.000000000000	0.000000000000	0.000000000000	0.000000000000	0.000000000000	0.000000000000	0.000000000000	0.000000000000	0.025208333333	0.000000000000	0.000000000000	0.000000000000	0.000202596933	-0.006928687203	0.000000000000	0.000000000000	0.000000000000	0.000000000000
0.000000000000	0.000000000000	0.000000000000	0.000000000000	0.000000000000	0.000000000000	-0.000000000000	-0.002520833333	-0.000000000000	-0.000000019101	-0.000000004634	-0.000000882004	0.000000000000	0.005041666667	-0.000000000000	0.000000045805	0.000000011037	0.000001763788	0.000000000000	0.020166666667	0.000000000000	0.000000180299	0.000000043417	0.000007055215	0.000000000000	0.005041666667	0.000000000000	0.000000045551	0.000000010968	0.000001763789	-0.000000000000	-0.002520833333	0.000000000000	-0.000000024164	-0.000000005775	-0.000000881845	0.000000000000	0.000000000000	0.000000000000	0.000000000000	0.000000000000	0.000000000000	0.000000000000	0.000000000000	0.000000000000	0.000000000000	0.000000000000	0.000000000000	0.000000000000	0.000000000000	0.000000000000	0.000000000000	0.000000000000	0.000000000000	0.000000000000	0.000000000000	0.000000000000	0.000000000000	0.000000000000	0.000000000000	0.000000000000	0.000000000000	0.000000000000	0.000000000000	0.000000000000	0.000000000000	0.000000000000	0.000000000000	0.000000000000	0.000000000000	0.000000000000	0.000000000000	0.000000000000	0.000000000000	0.000000000000	0.000000000000	0.000000000000	0.000000000000	0.000000000000	0.000000000000	0.000000000000	0.000000000000	0.000000000000	0.000000000000	0.000000000000	0.000000000000	0.000000000000	0.000000000000	0.000000000000	0.000000000000	0.000000000000	0.000000000000	0.000000000000	0.000000000000	0.000000000000	0.000000000000	0.000000000000	0.025208333333	-0.000000000000	-0.000202596933	0.000000000000	0.000009016370	0.000000000000	0.000000000000	0.000000000000	0.000000000000
0.000000000000	0.000000000000	0.000000000000	0.000000000000	0.000000000000	0.000000000000	-0.000000000000	-0.000000000000	-0.002520833333	0.000000561362	0.000000561680	-0.000000018321	0.000000000000	-0.000000000000	0.005041666667	-0.000001122472	-0.000001123359	0.000000043834	0.000000000000	0.000000000000	0.020166666667	-0.000004489962	-0.000004493438	0.000000172502	0.000000000000	0.000000000000	0.005041666667	-0.000001122475	-0.000001123359	0.000000043580	0.000000000000	-0.000000000000	-0.002520833333	0.000000561178	0.000000561681	-0.000000023060	0.000000000000	0.000000000000	0.000000000000	0.000000000000	0.000000000000	0.000000000000	0.000000000000	0.000000000000	0.000000000000	0.000000000000	0.000000000000	0.000000000000	0.000000000000	0.000000000000	0.000000000000	0.000000000000	0.000000000000	0.000000000000	0.000000000000	0.000000000000	0.000000000000	0.000000000000	0.000000000000	0.000000000000	0.000000000000	0.000000000000	0.000000000000	0.000000000000	0.000000000000	0.000000000000	0.000000000000	0.000000000000	0.000000000000	0.000000000000	0.000000000000	0.000000000000	0.000000000000	0.000000000000	0.000000000000	0.000000000000	0.000000000000	0.000000000000	0.000000000000	0.000000000000	0.000000000000	0.000000000000	0.000000000000	0.000000000000	0.000000000000	0.000000000000	0.000000000000	0.000000000000	0.000000000000	0.000000000000	0.000000000000	0.000000000000	0.000000000000	0.000000000000	0.000000000000	0.000000000000	0.000000000000	0.000000000000	0.025208333333	0.006928687203	-0.000009016370	-0.000000000000	0.000000000000	0.000000000000	0.000000000000	0.000000000000
0.000000000000	0.000000000000	0.000000000000	0.000000000000	0.000000000000	0.000000000000	0.000000001367	-0.000000019101	0.000000561362	-0.000000844564	-0.000000282697	0.000000057996	-0.000000003454	0.000000045805	-0.000001122472	0.000001689340	0.000000566320	-0.000000135968	-0.000000013663	0.000000180299	-0.000004489962	0.000006757278	0.000002264954	-0.000000534036	-0.000000003454	0.000000045551	-0.000001122475	0.000001689336	0.000000566304	-0.000000134888	0.000000001934	-0.000000024164	0.000000561178	-0.000000844701	-0.000000283322	0.000000069756	0.000000000000	0.000000000000	0.000000000000	0.000000000000	0.000000000000	0.000000000000	0.000000000000	0.000000000000	0.000000000000	0.000000000000	0.000000000000	0.000000000000	0.000000000000	0.000000000000	0.000000000000	0.000000000000	0.000000000000	0.000000000000	0.000000000000	0.000000000000	0.000000000000	0.000000000000	0.000000000000	0.000000000000	0.000000000000	0.000000000000	0.000000000000	0.000000000000	0.000000000000	0.000000000000	0.000000000000	0.000000000000	0.000000000000	0.000000000000	0.000000000000	0.000000000000	0.000000000000	0.000000000000	0.000000000000	0.000000000000	0.000000000000	0.000000000000	0.000000000000	0.000000000000	0.000000000000	0.000000000000	0.000000000000	0.000000000000	0.000000000000	0.000000000000	0.000000000000	0.000000000000	0.000000000000	0.000000000000	0.000000000000	0.000000000000	0.000000000000	0.000000000000	0.000000000000	0.000000000000	-0.000000017269	0.000000228389	-0.000005612368	0.000002873883	0.000008872193	-0.000000430290	0.000000000000	0.000000000000	0.000000000000	0.000000000000
0.000000000000	0.000000000000	0.000000000000	0.000000000000	0.000000000000	0.000000000000	0.000000001367	-0.000000004634	0.000000561680	-0.000000282697	-0.000000850998	0.000000325179	-0.000000003454	0.000000011037	-0.000001123359	0.000000566320	0.000001707169	-0.000000777942	-0.000000013662	0.000000043417	-0.000004493438	0.000002264954	0.000006827161	-0.000003061510	-0.000000003453	0.000000010968	-0.000001123359	0.000000566304	0.000001707129	-0.000000773444	0.000000001934	-0.000000005775	0.000000561681	-0.000000283322	-0.000000854715	0.000000409251	0.000000000000	0.000000000000	0.000000000000	0.000000000000	0.000000000000	0.000000000000	0.000000000000	0.000000000000	0.000000000000	0.000000000000	0.000000000000	0.000000000000	0.000000000000	0.000000000000	0.000000000000	0.000000000000	0.000000000000	0.000000000000	0.000000000000	0.000000000000	0.000000000000	0.000000000000	0.000000000000	0.000000000000	0.000000000000	0.000000000000	0.000000000000	0.000000000000	0.000000000000	0.000000000000	0.000000000000	0.000000000000	0.000000000000	0.000000000000	0.000000000000	0.000000000000	0.000000000000	0.000000000000	0.000000000000	0.000000000000	0.000000000000	0.000000000000	0.000000000000	0.000000000000	0.000000000000	0.000000000000	0.000000000000	0.000000000000	0.000000000000	0.000000000000	0.000000000000	0.000000000000	0.000000000000	0.000000000000	0.000000000000	0.000000000000	0.000000000000	0.000000000000	0.000000000000	0.000000000000	-0.000000017268	0.000000055013	-0.000005616796	-0.000005976382	0.000009023689	-0.000003674577	0.000000000000	0.000000000000	0.000000000000	0.000000000000
0.000000000000	0.000000000000	0.000000000000	0.000000000000	0.000000000000	0.000000000000	0.000000000004	-0.000000882004	-0.000000018321	0.000000057996	0.000000325179	-0.000016655224	-0.000000000015	0.000001763788	0.000000043834	-0.000000135968	-0.000000777942	0.000033302975	-0.000000000056	0.000007055215	0.000000172502	-0.000000534036	-0.000003061510	0.000133214119	-0.000000000013	0.000001763789	0.000000043580	-0.000000134888	-0.000000773444	0.000033303037	0.000000000010	-0.000000881845	-0.000000023060	0.000000069756	0.000000409251	-0.000016649876	0.000000000000	0.000000000000	0.000000000000	0.000000000000	0.000000000000	0.000000000000	0.000000000000	0.000000000000	0.000000000000	0.000000000000	0.000000000000	0.000000000000	0.000000000000	0.000000000000	0.000000000000	0.000000000000	0.000000000000	0.000000000000	0.000000000000	0.000000000000	0.000000000000	0.000000000000	0.000000000000	0.000000000000	0.000000000000	0.000000000000	0.000000000000	0.000000000000	0.000000000000	0.000000000000	0.000000000000	0.000000000000	0.000000000000	0.000000000000	0.000000000000	0.000000000000	0.000000000000	0.000000000000	0.000000000000	0.000000000000	0.000000000000	0.000000000000	0.000000000000	0.000000000000	0.000000000000	0.000000000000	0.000000000000	0.000000000000	0.000000000000	0.000000000000	0.000000000000	0.000000000000	0.000000000000	0.000000000000	0.000000000000	0.000000000000	0.000000000000	0.000000000000	0.000000000000	0.000000000000	-0.000000000070	0.000008818943	0.000000218535	0.000000443720	-0.000007778976	0.000166397489	0.000000000000	0.000000000000	0.000000000000	0.000000000000
